p cnf 729 7790
10
-91
-172
-253
-334
-415
-496
-577
-658
-19
-28
-37
-46
-55
-64
-73
-82
-100
-109
-181
-190
15
-96
-177
-258
-339
-420
-501
-582
-663
-6
-24
-33
-42
-51
-60
-69
-78
-87
-105
-168
-186
27
-108
-189
-270
-351
-432
-513
-594
-675
-9
-18
-36
-45
-54
-63
-72
-81
-90
-99
-171
-180
31
-112
-193
-274
-355
-436
-517
-598
-679
-4
-13
-22
-40
-49
-58
-67
-76
-121
-130
-202
-211
41
-122
-203
-284
-365
-446
-527
-608
-689
-5
-14
-23
-32
-50
-59
-68
-77
-113
-131
-194
-212
48
-129
-210
-291
-372
-453
-534
-615
-696
-3
-12
-21
-30
-39
-57
-66
-75
-111
-120
-192
-201
62
-143
-224
-305
-386
-467
-548
-629
-710
-8
-17
-26
-35
-44
-53
-71
-80
-152
-161
-233
-242
65
-146
-227
-308
-389
-470
-551
-632
-713
-2
-11
-20
-29
-38
-47
-56
-74
-137
-155
-218
-236
79
-160
-241
-322
-403
-484
-565
-646
-727
-7
-16
-25
-34
-43
-52
-61
-70
-142
-151
-223
-232
86
-5
-167
-248
-329
-410
-491
-572
-653
-95
-104
-113
-122
-131
-140
-149
-158
-14
-23
-176
-185
97
-16
-178
-259
-340
-421
-502
-583
-664
-88
-106
-115
-124
-133
-142
-151
-160
-7
-25
-169
-187
166
-4
-85
-247
-328
-409
-490
-571
-652
-175
-184
-193
-202
-211
-220
-229
-238
-13
-22
-94
-103
183
-21
-102
-264
-345
-426
-507
-588
-669
-165
-174
-192
-201
-210
-219
-228
-237
-3
-12
-84
-93
245
-2
-83
-164
-326
-407
-488
-569
-650
-254
-263
-272
-281
-290
-299
-308
-317
-335
-344
-416
-425
275
-32
-113
-194
-356
-437
-518
-599
-680
-248
-257
-266
-284
-293
-302
-311
-320
-365
-374
-446
-455
333
-9
-90
-171
-252
-414
-495
-576
-657
-342
-351
-360
-369
-378
-387
-396
-405
-261
-270
-423
-432
363
-39
-120
-201
-282
-444
-525
-606
-687
-327
-336
-345
-354
-372
-381
-390
-399
-273
-291
-435
-453
412
-7
-88
-169
-250
-331
-493
-574
-655
-421
-430
-439
-448
-457
-466
-475
-484
-259
-268
-340
-349
452
-47
-128
-209
-290
-371
-533
-614
-695
-407
-416
-425
-434
-443
-461
-470
-479
-272
-281
-353
-362
494
-8
-89
-170
-251
-332
-413
-575
-656
-503
-512
-521
-530
-539
-548
-557
-566
-584
-593
-665
-674
542
-56
-137
-218
-299
-380
-461
-623
-704
-488
-497
-506
-515
-524
-533
-551
-560
-632
-641
-713
-722
570
-3
-84
-165
-246
-327
-408
-489
-651
-579
-588
-597
-606
-615
-624
-633
-642
-498
-507
-660
-669
636
-69
-150
-231
-312
-393
-474
-555
-717
-573
-582
-591
-600
-609
-618
-627
-645
-546
-564
-708
-726
654
-6
-87
-168
-249
-330
-411
-492
-573
-663
-672
-681
-690
-699
-708
-717
-726
-501
-510
-582
-591
729
-81
-162
-243
-324
-405
-486
-567
-648
-657
-666
-675
-684
-693
-702
-711
-720
-549
-558
-630
-639
1 2 3 4 5 6 7 8 9
10 11 12 13 14 15 16 17 18
19 20 21 22 23 24 25 26 27
28 29 30 31 32 33 34 35 36
37 38 39 40 41 42 43 44 45
46 47 48 49 50 51 52 53 54
55 56 57 58 59 60 61 62 63
64 65 66 67 68 69 70 71 72
73 74 75 76 77 78 79 80 81
82 83 84 85 86 87 88 89 90
91 92 93 94 95 96 97 98 99
100 101 102 103 104 105 106 107 108
109 110 111 112 113 114 115 116 117
118 119 120 121 122 123 124 125 126
127 128 129 130 131 132 133 134 135
136 137 138 139 140 141 142 143 144
145 146 147 148 149 150 151 152 153
154 155 156 157 158 159 160 161 162
163 164 165 166 167 168 169 170 171
172 173 174 175 176 177 178 179 180
181 182 183 184 185 186 187 188 189
190 191 192 193 194 195 196 197 198
199 200 201 202 203 204 205 206 207
208 209 210 211 212 213 214 215 216
217 218 219 220 221 222 223 224 225
226 227 228 229 230 231 232 233 234
235 236 237 238 239 240 241 242 243
244 245 246 247 248 249 250 251 252
253 254 255 256 257 258 259 260 261
262 263 264 265 266 267 268 269 270
271 272 273 274 275 276 277 278 279
280 281 282 283 284 285 286 287 288
289 290 291 292 293 294 295 296 297
298 299 300 301 302 303 304 305 306
307 308 309 310 311 312 313 314 315
316 317 318 319 320 321 322 323 324
325 326 327 328 329 330 331 332 333
334 335 336 337 338 339 340 341 342
343 344 345 346 347 348 349 350 351
352 353 354 355 356 357 358 359 360
361 362 363 364 365 366 367 368 369
370 371 372 373 374 375 376 377 378
379 380 381 382 383 384 385 386 387
388 389 390 391 392 393 394 395 396
397 398 399 400 401 402 403 404 405
406 407 408 409 410 411 412 413 414
415 416 417 418 419 420 421 422 423
424 425 426 427 428 429 430 431 432
433 434 435 436 437 438 439 440 441
442 443 444 445 446 447 448 449 450
451 452 453 454 455 456 457 458 459
460 461 462 463 464 465 466 467 468
469 470 471 472 473 474 475 476 477
478 479 480 481 482 483 484 485 486
487 488 489 490 491 492 493 494 495
496 497 498 499 500 501 502 503 504
505 506 507 508 509 510 511 512 513
514 515 516 517 518 519 520 521 522
523 524 525 526 527 528 529 530 531
532 533 534 535 536 537 538 539 540
541 542 543 544 545 546 547 548 549
550 551 552 553 554 555 556 557 558
559 560 561 562 563 564 565 566 567
568 569 570 571 572 573 574 575 576
577 578 579 580 581 582 583 584 585
586 587 588 589 590 591 592 593 594
595 596 597 598 599 600 601 602 603
604 605 606 607 608 609 610 611 612
613 614 615 616 617 618 619 620 621
622 623 624 625 626 627 628 629 630
631 632 633 634 635 636 637 638 639
640 641 642 643 644 645 646 647 648
649 650 651 652 653 654 655 656 657
658 659 660 661 662 663 664 665 666
667 668 669 670 671 672 673 674 675
676 677 678 679 680 681 682 683 684
685 686 687 688 689 690 691 692 693
694 695 696 697 698 699 700 701 702
703 704 705 706 707 708 709 710 711
712 713 714 715 716 717 718 719 720
721 722 723 724 725 726 727 728 729
-1 -10
-2 -11
-3 -12
-4 -13
-5 -14
-6 -15
-7 -16
-8 -17
-9 -18
-1 -19
-2 -20
-3 -21
-4 -22
-5 -23
-6 -24
-7 -25
-8 -26
-9 -27
-1 -28
-2 -29
-3 -30
-4 -31
-5 -32
-6 -33
-7 -34
-8 -35
-9 -36
-1 -37
-2 -38
-3 -39
-4 -40
-5 -41
-6 -42
-7 -43
-8 -44
-9 -45
-1 -46
-2 -47
-3 -48
-4 -49
-5 -50
-6 -51
-7 -52
-8 -53
-9 -54
-1 -55
-2 -56
-3 -57
-4 -58
-5 -59
-6 -60
-7 -61
-8 -62
-9 -63
-1 -64
-2 -65
-3 -66
-4 -67
-5 -68
-6 -69
-7 -70
-8 -71
-9 -72
-1 -73
-2 -74
-3 -75
-4 -76
-5 -77
-6 -78
-7 -79
-8 -80
-9 -81
-10 -19
-11 -20
-12 -21
-13 -22
-14 -23
-15 -24
-16 -25
-17 -26
-18 -27
-10 -28
-11 -29
-12 -30
-13 -31
-14 -32
-15 -33
-16 -34
-17 -35
-18 -36
-10 -37
-11 -38
-12 -39
-13 -40
-14 -41
-15 -42
-16 -43
-17 -44
-18 -45
-10 -46
-11 -47
-12 -48
-13 -49
-14 -50
-15 -51
-16 -52
-17 -53
-18 -54
-10 -55
-11 -56
-12 -57
-13 -58
-14 -59
-15 -60
-16 -61
-17 -62
-18 -63
-10 -64
-11 -65
-12 -66
-13 -67
-14 -68
-15 -69
-16 -70
-17 -71
-18 -72
-10 -73
-11 -74
-12 -75
-13 -76
-14 -77
-15 -78
-16 -79
-17 -80
-18 -81
-19 -28
-20 -29
-21 -30
-22 -31
-23 -32
-24 -33
-25 -34
-26 -35
-27 -36
-19 -37
-20 -38
-21 -39
-22 -40
-23 -41
-24 -42
-25 -43
-26 -44
-27 -45
-19 -46
-20 -47
-21 -48
-22 -49
-23 -50
-24 -51
-25 -52
-26 -53
-27 -54
-19 -55
-20 -56
-21 -57
-22 -58
-23 -59
-24 -60
-25 -61
-26 -62
-27 -63
-19 -64
-20 -65
-21 -66
-22 -67
-23 -68
-24 -69
-25 -70
-26 -71
-27 -72
-19 -73
-20 -74
-21 -75
-22 -76
-23 -77
-24 -78
-25 -79
-26 -80
-27 -81
-28 -37
-29 -38
-30 -39
-31 -40
-32 -41
-33 -42
-34 -43
-35 -44
-36 -45
-28 -46
-29 -47
-30 -48
-31 -49
-32 -50
-33 -51
-34 -52
-35 -53
-36 -54
-28 -55
-29 -56
-30 -57
-31 -58
-32 -59
-33 -60
-34 -61
-35 -62
-36 -63
-28 -64
-29 -65
-30 -66
-31 -67
-32 -68
-33 -69
-34 -70
-35 -71
-36 -72
-28 -73
-29 -74
-30 -75
-31 -76
-32 -77
-33 -78
-34 -79
-35 -80
-36 -81
-37 -46
-38 -47
-39 -48
-40 -49
-41 -50
-42 -51
-43 -52
-44 -53
-45 -54
-37 -55
-38 -56
-39 -57
-40 -58
-41 -59
-42 -60
-43 -61
-44 -62
-45 -63
-37 -64
-38 -65
-39 -66
-40 -67
-41 -68
-42 -69
-43 -70
-44 -71
-45 -72
-37 -73
-38 -74
-39 -75
-40 -76
-41 -77
-42 -78
-43 -79
-44 -80
-45 -81
-46 -55
-47 -56
-48 -57
-49 -58
-50 -59
-51 -60
-52 -61
-53 -62
-54 -63
-46 -64
-47 -65
-48 -66
-49 -67
-50 -68
-51 -69
-52 -70
-53 -71
-54 -72
-46 -73
-47 -74
-48 -75
-49 -76
-50 -77
-51 -78
-52 -79
-53 -80
-54 -81
-55 -64
-56 -65
-57 -66
-58 -67
-59 -68
-60 -69
-61 -70
-62 -71
-63 -72
-55 -73
-56 -74
-57 -75
-58 -76
-59 -77
-60 -78
-61 -79
-62 -80
-63 -81
-64 -73
-65 -74
-66 -75
-67 -76
-68 -77
-69 -78
-70 -79
-71 -80
-72 -81
-82 -91
-83 -92
-84 -93
-85 -94
-86 -95
-87 -96
-88 -97
-89 -98
-90 -99
-82 -100
-83 -101
-84 -102
-85 -103
-86 -104
-87 -105
-88 -106
-89 -107
-90 -108
-82 -109
-83 -110
-84 -111
-85 -112
-86 -113
-87 -114
-88 -115
-89 -116
-90 -117
-82 -118
-83 -119
-84 -120
-85 -121
-86 -122
-87 -123
-88 -124
-89 -125
-90 -126
-82 -127
-83 -128
-84 -129
-85 -130
-86 -131
-87 -132
-88 -133
-89 -134
-90 -135
-82 -136
-83 -137
-84 -138
-85 -139
-86 -140
-87 -141
-88 -142
-89 -143
-90 -144
-82 -145
-83 -146
-84 -147
-85 -148
-86 -149
-87 -150
-88 -151
-89 -152
-90 -153
-82 -154
-83 -155
-84 -156
-85 -157
-86 -158
-87 -159
-88 -160
-89 -161
-90 -162
-91 -100
-92 -101
-93 -102
-94 -103
-95 -104
-96 -105
-97 -106
-98 -107
-99 -108
-91 -109
-92 -110
-93 -111
-94 -112
-95 -113
-96 -114
-97 -115
-98 -116
-99 -117
-91 -118
-92 -119
-93 -120
-94 -121
-95 -122
-96 -123
-97 -124
-98 -125
-99 -126
-91 -127
-92 -128
-93 -129
-94 -130
-95 -131
-96 -132
-97 -133
-98 -134
-99 -135
-91 -136
-92 -137
-93 -138
-94 -139
-95 -140
-96 -141
-97 -142
-98 -143
-99 -144
-91 -145
-92 -146
-93 -147
-94 -148
-95 -149
-96 -150
-97 -151
-98 -152
-99 -153
-91 -154
-92 -155
-93 -156
-94 -157
-95 -158
-96 -159
-97 -160
-98 -161
-99 -162
-100 -109
-101 -110
-102 -111
-103 -112
-104 -113
-105 -114
-106 -115
-107 -116
-108 -117
-100 -118
-101 -119
-102 -120
-103 -121
-104 -122
-105 -123
-106 -124
-107 -125
-108 -126
-100 -127
-101 -128
-102 -129
-103 -130
-104 -131
-105 -132
-106 -133
-107 -134
-108 -135
-100 -136
-101 -137
-102 -138
-103 -139
-104 -140
-105 -141
-106 -142
-107 -143
-108 -144
-100 -145
-101 -146
-102 -147
-103 -148
-104 -149
-105 -150
-106 -151
-107 -152
-108 -153
-100 -154
-101 -155
-102 -156
-103 -157
-104 -158
-105 -159
-106 -160
-107 -161
-108 -162
-109 -118
-110 -119
-111 -120
-112 -121
-113 -122
-114 -123
-115 -124
-116 -125
-117 -126
-109 -127
-110 -128
-111 -129
-112 -130
-113 -131
-114 -132
-115 -133
-116 -134
-117 -135
-109 -136
-110 -137
-111 -138
-112 -139
-113 -140
-114 -141
-115 -142
-116 -143
-117 -144
-109 -145
-110 -146
-111 -147
-112 -148
-113 -149
-114 -150
-115 -151
-116 -152
-117 -153
-109 -154
-110 -155
-111 -156
-112 -157
-113 -158
-114 -159
-115 -160
-116 -161
-117 -162
-118 -127
-119 -128
-120 -129
-121 -130
-122 -131
-123 -132
-124 -133
-125 -134
-126 -135
-118 -136
-119 -137
-120 -138
-121 -139
-122 -140
-123 -141
-124 -142
-125 -143
-126 -144
-118 -145
-119 -146
-120 -147
-121 -148
-122 -149
-123 -150
-124 -151
-125 -152
-126 -153
-118 -154
-119 -155
-120 -156
-121 -157
-122 -158
-123 -159
-124 -160
-125 -161
-126 -162
-127 -136
-128 -137
-129 -138
-130 -139
-131 -140
-132 -141
-133 -142
-134 -143
-135 -144
-127 -145
-128 -146
-129 -147
-130 -148
-131 -149
-132 -150
-133 -151
-134 -152
-135 -153
-127 -154
-128 -155
-129 -156
-130 -157
-131 -158
-132 -159
-133 -160
-134 -161
-135 -162
-136 -145
-137 -146
-138 -147
-139 -148
-140 -149
-141 -150
-142 -151
-143 -152
-144 -153
-136 -154
-137 -155
-138 -156
-139 -157
-140 -158
-141 -159
-142 -160
-143 -161
-144 -162
-145 -154
-146 -155
-147 -156
-148 -157
-149 -158
-150 -159
-151 -160
-152 -161
-153 -162
-163 -172
-164 -173
-165 -174
-166 -175
-167 -176
-168 -177
-169 -178
-170 -179
-171 -180
-163 -181
-164 -182
-165 -183
-166 -184
-167 -185
-168 -186
-169 -187
-170 -188
-171 -189
-163 -190
-164 -191
-165 -192
-166 -193
-167 -194
-168 -195
-169 -196
-170 -197
-171 -198
-163 -199
-164 -200
-165 -201
-166 -202
-167 -203
-168 -204
-169 -205
-170 -206
-171 -207
-163 -208
-164 -209
-165 -210
-166 -211
-167 -212
-168 -213
-169 -214
-170 -215
-171 -216
-163 -217
-164 -218
-165 -219
-166 -220
-167 -221
-168 -222
-169 -223
-170 -224
-171 -225
-163 -226
-164 -227
-165 -228
-166 -229
-167 -230
-168 -231
-169 -232
-170 -233
-171 -234
-163 -235
-164 -236
-165 -237
-166 -238
-167 -239
-168 -240
-169 -241
-170 -242
-171 -243
-172 -181
-173 -182
-174 -183
-175 -184
-176 -185
-177 -186
-178 -187
-179 -188
-180 -189
-172 -190
-173 -191
-174 -192
-175 -193
-176 -194
-177 -195
-178 -196
-179 -197
-180 -198
-172 -199
-173 -200
-174 -201
-175 -202
-176 -203
-177 -204
-178 -205
-179 -206
-180 -207
-172 -208
-173 -209
-174 -210
-175 -211
-176 -212
-177 -213
-178 -214
-179 -215
-180 -216
-172 -217
-173 -218
-174 -219
-175 -220
-176 -221
-177 -222
-178 -223
-179 -224
-180 -225
-172 -226
-173 -227
-174 -228
-175 -229
-176 -230
-177 -231
-178 -232
-179 -233
-180 -234
-172 -235
-173 -236
-174 -237
-175 -238
-176 -239
-177 -240
-178 -241
-179 -242
-180 -243
-181 -190
-182 -191
-183 -192
-184 -193
-185 -194
-186 -195
-187 -196
-188 -197
-189 -198
-181 -199
-182 -200
-183 -201
-184 -202
-185 -203
-186 -204
-187 -205
-188 -206
-189 -207
-181 -208
-182 -209
-183 -210
-184 -211
-185 -212
-186 -213
-187 -214
-188 -215
-189 -216
-181 -217
-182 -218
-183 -219
-184 -220
-185 -221
-186 -222
-187 -223
-188 -224
-189 -225
-181 -226
-182 -227
-183 -228
-184 -229
-185 -230
-186 -231
-187 -232
-188 -233
-189 -234
-181 -235
-182 -236
-183 -237
-184 -238
-185 -239
-186 -240
-187 -241
-188 -242
-189 -243
-190 -199
-191 -200
-192 -201
-193 -202
-194 -203
-195 -204
-196 -205
-197 -206
-198 -207
-190 -208
-191 -209
-192 -210
-193 -211
-194 -212
-195 -213
-196 -214
-197 -215
-198 -216
-190 -217
-191 -218
-192 -219
-193 -220
-194 -221
-195 -222
-196 -223
-197 -224
-198 -225
-190 -226
-191 -227
-192 -228
-193 -229
-194 -230
-195 -231
-196 -232
-197 -233
-198 -234
-190 -235
-191 -236
-192 -237
-193 -238
-194 -239
-195 -240
-196 -241
-197 -242
-198 -243
-199 -208
-200 -209
-201 -210
-202 -211
-203 -212
-204 -213
-205 -214
-206 -215
-207 -216
-199 -217
-200 -218
-201 -219
-202 -220
-203 -221
-204 -222
-205 -223
-206 -224
-207 -225
-199 -226
-200 -227
-201 -228
-202 -229
-203 -230
-204 -231
-205 -232
-206 -233
-207 -234
-199 -235
-200 -236
-201 -237
-202 -238
-203 -239
-204 -240
-205 -241
-206 -242
-207 -243
-208 -217
-209 -218
-210 -219
-211 -220
-212 -221
-213 -222
-214 -223
-215 -224
-216 -225
-208 -226
-209 -227
-210 -228
-211 -229
-212 -230
-213 -231
-214 -232
-215 -233
-216 -234
-208 -235
-209 -236
-210 -237
-211 -238
-212 -239
-213 -240
-214 -241
-215 -242
-216 -243
-217 -226
-218 -227
-219 -228
-220 -229
-221 -230
-222 -231
-223 -232
-224 -233
-225 -234
-217 -235
-218 -236
-219 -237
-220 -238
-221 -239
-222 -240
-223 -241
-224 -242
-225 -243
-226 -235
-227 -236
-228 -237
-229 -238
-230 -239
-231 -240
-232 -241
-233 -242
-234 -243
-244 -253
-245 -254
-246 -255
-247 -256
-248 -257
-249 -258
-250 -259
-251 -260
-252 -261
-244 -262
-245 -263
-246 -264
-247 -265
-248 -266
-249 -267
-250 -268
-251 -269
-252 -270
-244 -271
-245 -272
-246 -273
-247 -274
-248 -275
-249 -276
-250 -277
-251 -278
-252 -279
-244 -280
-245 -281
-246 -282
-247 -283
-248 -284
-249 -285
-250 -286
-251 -287
-252 -288
-244 -289
-245 -290
-246 -291
-247 -292
-248 -293
-249 -294
-250 -295
-251 -296
-252 -297
-244 -298
-245 -299
-246 -300
-247 -301
-248 -302
-249 -303
-250 -304
-251 -305
-252 -306
-244 -307
-245 -308
-246 -309
-247 -310
-248 -311
-249 -312
-250 -313
-251 -314
-252 -315
-244 -316
-245 -317
-246 -318
-247 -319
-248 -320
-249 -321
-250 -322
-251 -323
-252 -324
-253 -262
-254 -263
-255 -264
-256 -265
-257 -266
-258 -267
-259 -268
-260 -269
-261 -270
-253 -271
-254 -272
-255 -273
-256 -274
-257 -275
-258 -276
-259 -277
-260 -278
-261 -279
-253 -280
-254 -281
-255 -282
-256 -283
-257 -284
-258 -285
-259 -286
-260 -287
-261 -288
-253 -289
-254 -290
-255 -291
-256 -292
-257 -293
-258 -294
-259 -295
-260 -296
-261 -297
-253 -298
-254 -299
-255 -300
-256 -301
-257 -302
-258 -303
-259 -304
-260 -305
-261 -306
-253 -307
-254 -308
-255 -309
-256 -310
-257 -311
-258 -312
-259 -313
-260 -314
-261 -315
-253 -316
-254 -317
-255 -318
-256 -319
-257 -320
-258 -321
-259 -322
-260 -323
-261 -324
-262 -271
-263 -272
-264 -273
-265 -274
-266 -275
-267 -276
-268 -277
-269 -278
-270 -279
-262 -280
-263 -281
-264 -282
-265 -283
-266 -284
-267 -285
-268 -286
-269 -287
-270 -288
-262 -289
-263 -290
-264 -291
-265 -292
-266 -293
-267 -294
-268 -295
-269 -296
-270 -297
-262 -298
-263 -299
-264 -300
-265 -301
-266 -302
-267 -303
-268 -304
-269 -305
-270 -306
-262 -307
-263 -308
-264 -309
-265 -310
-266 -311
-267 -312
-268 -313
-269 -314
-270 -315
-262 -316
-263 -317
-264 -318
-265 -319
-266 -320
-267 -321
-268 -322
-269 -323
-270 -324
-271 -280
-272 -281
-273 -282
-274 -283
-275 -284
-276 -285
-277 -286
-278 -287
-279 -288
-271 -289
-272 -290
-273 -291
-274 -292
-275 -293
-276 -294
-277 -295
-278 -296
-279 -297
-271 -298
-272 -299
-273 -300
-274 -301
-275 -302
-276 -303
-277 -304
-278 -305
-279 -306
-271 -307
-272 -308
-273 -309
-274 -310
-275 -311
-276 -312
-277 -313
-278 -314
-279 -315
-271 -316
-272 -317
-273 -318
-274 -319
-275 -320
-276 -321
-277 -322
-278 -323
-279 -324
-280 -289
-281 -290
-282 -291
-283 -292
-284 -293
-285 -294
-286 -295
-287 -296
-288 -297
-280 -298
-281 -299
-282 -300
-283 -301
-284 -302
-285 -303
-286 -304
-287 -305
-288 -306
-280 -307
-281 -308
-282 -309
-283 -310
-284 -311
-285 -312
-286 -313
-287 -314
-288 -315
-280 -316
-281 -317
-282 -318
-283 -319
-284 -320
-285 -321
-286 -322
-287 -323
-288 -324
-289 -298
-290 -299
-291 -300
-292 -301
-293 -302
-294 -303
-295 -304
-296 -305
-297 -306
-289 -307
-290 -308
-291 -309
-292 -310
-293 -311
-294 -312
-295 -313
-296 -314
-297 -315
-289 -316
-290 -317
-291 -318
-292 -319
-293 -320
-294 -321
-295 -322
-296 -323
-297 -324
-298 -307
-299 -308
-300 -309
-301 -310
-302 -311
-303 -312
-304 -313
-305 -314
-306 -315
-298 -316
-299 -317
-300 -318
-301 -319
-302 -320
-303 -321
-304 -322
-305 -323
-306 -324
-307 -316
-308 -317
-309 -318
-310 -319
-311 -320
-312 -321
-313 -322
-314 -323
-315 -324
-325 -334
-326 -335
-327 -336
-328 -337
-329 -338
-330 -339
-331 -340
-332 -341
-333 -342
-325 -343
-326 -344
-327 -345
-328 -346
-329 -347
-330 -348
-331 -349
-332 -350
-333 -351
-325 -352
-326 -353
-327 -354
-328 -355
-329 -356
-330 -357
-331 -358
-332 -359
-333 -360
-325 -361
-326 -362
-327 -363
-328 -364
-329 -365
-330 -366
-331 -367
-332 -368
-333 -369
-325 -370
-326 -371
-327 -372
-328 -373
-329 -374
-330 -375
-331 -376
-332 -377
-333 -378
-325 -379
-326 -380
-327 -381
-328 -382
-329 -383
-330 -384
-331 -385
-332 -386
-333 -387
-325 -388
-326 -389
-327 -390
-328 -391
-329 -392
-330 -393
-331 -394
-332 -395
-333 -396
-325 -397
-326 -398
-327 -399
-328 -400
-329 -401
-330 -402
-331 -403
-332 -404
-333 -405
-334 -343
-335 -344
-336 -345
-337 -346
-338 -347
-339 -348
-340 -349
-341 -350
-342 -351
-334 -352
-335 -353
-336 -354
-337 -355
-338 -356
-339 -357
-340 -358
-341 -359
-342 -360
-334 -361
-335 -362
-336 -363
-337 -364
-338 -365
-339 -366
-340 -367
-341 -368
-342 -369
-334 -370
-335 -371
-336 -372
-337 -373
-338 -374
-339 -375
-340 -376
-341 -377
-342 -378
-334 -379
-335 -380
-336 -381
-337 -382
-338 -383
-339 -384
-340 -385
-341 -386
-342 -387
-334 -388
-335 -389
-336 -390
-337 -391
-338 -392
-339 -393
-340 -394
-341 -395
-342 -396
-334 -397
-335 -398
-336 -399
-337 -400
-338 -401
-339 -402
-340 -403
-341 -404
-342 -405
-343 -352
-344 -353
-345 -354
-346 -355
-347 -356
-348 -357
-349 -358
-350 -359
-351 -360
-343 -361
-344 -362
-345 -363
-346 -364
-347 -365
-348 -366
-349 -367
-350 -368
-351 -369
-343 -370
-344 -371
-345 -372
-346 -373
-347 -374
-348 -375
-349 -376
-350 -377
-351 -378
-343 -379
-344 -380
-345 -381
-346 -382
-347 -383
-348 -384
-349 -385
-350 -386
-351 -387
-343 -388
-344 -389
-345 -390
-346 -391
-347 -392
-348 -393
-349 -394
-350 -395
-351 -396
-343 -397
-344 -398
-345 -399
-346 -400
-347 -401
-348 -402
-349 -403
-350 -404
-351 -405
-352 -361
-353 -362
-354 -363
-355 -364
-356 -365
-357 -366
-358 -367
-359 -368
-360 -369
-352 -370
-353 -371
-354 -372
-355 -373
-356 -374
-357 -375
-358 -376
-359 -377
-360 -378
-352 -379
-353 -380
-354 -381
-355 -382
-356 -383
-357 -384
-358 -385
-359 -386
-360 -387
-352 -388
-353 -389
-354 -390
-355 -391
-356 -392
-357 -393
-358 -394
-359 -395
-360 -396
-352 -397
-353 -398
-354 -399
-355 -400
-356 -401
-357 -402
-358 -403
-359 -404
-360 -405
-361 -370
-362 -371
-363 -372
-364 -373
-365 -374
-366 -375
-367 -376
-368 -377
-369 -378
-361 -379
-362 -380
-363 -381
-364 -382
-365 -383
-366 -384
-367 -385
-368 -386
-369 -387
-361 -388
-362 -389
-363 -390
-364 -391
-365 -392
-366 -393
-367 -394
-368 -395
-369 -396
-361 -397
-362 -398
-363 -399
-364 -400
-365 -401
-366 -402
-367 -403
-368 -404
-369 -405
-370 -379
-371 -380
-372 -381
-373 -382
-374 -383
-375 -384
-376 -385
-377 -386
-378 -387
-370 -388
-371 -389
-372 -390
-373 -391
-374 -392
-375 -393
-376 -394
-377 -395
-378 -396
-370 -397
-371 -398
-372 -399
-373 -400
-374 -401
-375 -402
-376 -403
-377 -404
-378 -405
-379 -388
-380 -389
-381 -390
-382 -391
-383 -392
-384 -393
-385 -394
-386 -395
-387 -396
-379 -397
-380 -398
-381 -399
-382 -400
-383 -401
-384 -402
-385 -403
-386 -404
-387 -405
-388 -397
-389 -398
-390 -399
-391 -400
-392 -401
-393 -402
-394 -403
-395 -404
-396 -405
-406 -415
-407 -416
-408 -417
-409 -418
-410 -419
-411 -420
-412 -421
-413 -422
-414 -423
-406 -424
-407 -425
-408 -426
-409 -427
-410 -428
-411 -429
-412 -430
-413 -431
-414 -432
-406 -433
-407 -434
-408 -435
-409 -436
-410 -437
-411 -438
-412 -439
-413 -440
-414 -441
-406 -442
-407 -443
-408 -444
-409 -445
-410 -446
-411 -447
-412 -448
-413 -449
-414 -450
-406 -451
-407 -452
-408 -453
-409 -454
-410 -455
-411 -456
-412 -457
-413 -458
-414 -459
-406 -460
-407 -461
-408 -462
-409 -463
-410 -464
-411 -465
-412 -466
-413 -467
-414 -468
-406 -469
-407 -470
-408 -471
-409 -472
-410 -473
-411 -474
-412 -475
-413 -476
-414 -477
-406 -478
-407 -479
-408 -480
-409 -481
-410 -482
-411 -483
-412 -484
-413 -485
-414 -486
-415 -424
-416 -425
-417 -426
-418 -427
-419 -428
-420 -429
-421 -430
-422 -431
-423 -432
-415 -433
-416 -434
-417 -435
-418 -436
-419 -437
-420 -438
-421 -439
-422 -440
-423 -441
-415 -442
-416 -443
-417 -444
-418 -445
-419 -446
-420 -447
-421 -448
-422 -449
-423 -450
-415 -451
-416 -452
-417 -453
-418 -454
-419 -455
-420 -456
-421 -457
-422 -458
-423 -459
-415 -460
-416 -461
-417 -462
-418 -463
-419 -464
-420 -465
-421 -466
-422 -467
-423 -468
-415 -469
-416 -470
-417 -471
-418 -472
-419 -473
-420 -474
-421 -475
-422 -476
-423 -477
-415 -478
-416 -479
-417 -480
-418 -481
-419 -482
-420 -483
-421 -484
-422 -485
-423 -486
-424 -433
-425 -434
-426 -435
-427 -436
-428 -437
-429 -438
-430 -439
-431 -440
-432 -441
-424 -442
-425 -443
-426 -444
-427 -445
-428 -446
-429 -447
-430 -448
-431 -449
-432 -450
-424 -451
-425 -452
-426 -453
-427 -454
-428 -455
-429 -456
-430 -457
-431 -458
-432 -459
-424 -460
-425 -461
-426 -462
-427 -463
-428 -464
-429 -465
-430 -466
-431 -467
-432 -468
-424 -469
-425 -470
-426 -471
-427 -472
-428 -473
-429 -474
-430 -475
-431 -476
-432 -477
-424 -478
-425 -479
-426 -480
-427 -481
-428 -482
-429 -483
-430 -484
-431 -485
-432 -486
-433 -442
-434 -443
-435 -444
-436 -445
-437 -446
-438 -447
-439 -448
-440 -449
-441 -450
-433 -451
-434 -452
-435 -453
-436 -454
-437 -455
-438 -456
-439 -457
-440 -458
-441 -459
-433 -460
-434 -461
-435 -462
-436 -463
-437 -464
-438 -465
-439 -466
-440 -467
-441 -468
-433 -469
-434 -470
-435 -471
-436 -472
-437 -473
-438 -474
-439 -475
-440 -476
-441 -477
-433 -478
-434 -479
-435 -480
-436 -481
-437 -482
-438 -483
-439 -484
-440 -485
-441 -486
-442 -451
-443 -452
-444 -453
-445 -454
-446 -455
-447 -456
-448 -457
-449 -458
-450 -459
-442 -460
-443 -461
-444 -462
-445 -463
-446 -464
-447 -465
-448 -466
-449 -467
-450 -468
-442 -469
-443 -470
-444 -471
-445 -472
-446 -473
-447 -474
-448 -475
-449 -476
-450 -477
-442 -478
-443 -479
-444 -480
-445 -481
-446 -482
-447 -483
-448 -484
-449 -485
-450 -486
-451 -460
-452 -461
-453 -462
-454 -463
-455 -464
-456 -465
-457 -466
-458 -467
-459 -468
-451 -469
-452 -470
-453 -471
-454 -472
-455 -473
-456 -474
-457 -475
-458 -476
-459 -477
-451 -478
-452 -479
-453 -480
-454 -481
-455 -482
-456 -483
-457 -484
-458 -485
-459 -486
-460 -469
-461 -470
-462 -471
-463 -472
-464 -473
-465 -474
-466 -475
-467 -476
-468 -477
-460 -478
-461 -479
-462 -480
-463 -481
-464 -482
-465 -483
-466 -484
-467 -485
-468 -486
-469 -478
-470 -479
-471 -480
-472 -481
-473 -482
-474 -483
-475 -484
-476 -485
-477 -486
-487 -496
-488 -497
-489 -498
-490 -499
-491 -500
-492 -501
-493 -502
-494 -503
-495 -504
-487 -505
-488 -506
-489 -507
-490 -508
-491 -509
-492 -510
-493 -511
-494 -512
-495 -513
-487 -514
-488 -515
-489 -516
-490 -517
-491 -518
-492 -519
-493 -520
-494 -521
-495 -522
-487 -523
-488 -524
-489 -525
-490 -526
-491 -527
-492 -528
-493 -529
-494 -530
-495 -531
-487 -532
-488 -533
-489 -534
-490 -535
-491 -536
-492 -537
-493 -538
-494 -539
-495 -540
-487 -541
-488 -542
-489 -543
-490 -544
-491 -545
-492 -546
-493 -547
-494 -548
-495 -549
-487 -550
-488 -551
-489 -552
-490 -553
-491 -554
-492 -555
-493 -556
-494 -557
-495 -558
-487 -559
-488 -560
-489 -561
-490 -562
-491 -563
-492 -564
-493 -565
-494 -566
-495 -567
-496 -505
-497 -506
-498 -507
-499 -508
-500 -509
-501 -510
-502 -511
-503 -512
-504 -513
-496 -514
-497 -515
-498 -516
-499 -517
-500 -518
-501 -519
-502 -520
-503 -521
-504 -522
-496 -523
-497 -524
-498 -525
-499 -526
-500 -527
-501 -528
-502 -529
-503 -530
-504 -531
-496 -532
-497 -533
-498 -534
-499 -535
-500 -536
-501 -537
-502 -538
-503 -539
-504 -540
-496 -541
-497 -542
-498 -543
-499 -544
-500 -545
-501 -546
-502 -547
-503 -548
-504 -549
-496 -550
-497 -551
-498 -552
-499 -553
-500 -554
-501 -555
-502 -556
-503 -557
-504 -558
-496 -559
-497 -560
-498 -561
-499 -562
-500 -563
-501 -564
-502 -565
-503 -566
-504 -567
-505 -514
-506 -515
-507 -516
-508 -517
-509 -518
-510 -519
-511 -520
-512 -521
-513 -522
-505 -523
-506 -524
-507 -525
-508 -526
-509 -527
-510 -528
-511 -529
-512 -530
-513 -531
-505 -532
-506 -533
-507 -534
-508 -535
-509 -536
-510 -537
-511 -538
-512 -539
-513 -540
-505 -541
-506 -542
-507 -543
-508 -544
-509 -545
-510 -546
-511 -547
-512 -548
-513 -549
-505 -550
-506 -551
-507 -552
-508 -553
-509 -554
-510 -555
-511 -556
-512 -557
-513 -558
-505 -559
-506 -560
-507 -561
-508 -562
-509 -563
-510 -564
-511 -565
-512 -566
-513 -567
-514 -523
-515 -524
-516 -525
-517 -526
-518 -527
-519 -528
-520 -529
-521 -530
-522 -531
-514 -532
-515 -533
-516 -534
-517 -535
-518 -536
-519 -537
-520 -538
-521 -539
-522 -540
-514 -541
-515 -542
-516 -543
-517 -544
-518 -545
-519 -546
-520 -547
-521 -548
-522 -549
-514 -550
-515 -551
-516 -552
-517 -553
-518 -554
-519 -555
-520 -556
-521 -557
-522 -558
-514 -559
-515 -560
-516 -561
-517 -562
-518 -563
-519 -564
-520 -565
-521 -566
-522 -567
-523 -532
-524 -533
-525 -534
-526 -535
-527 -536
-528 -537
-529 -538
-530 -539
-531 -540
-523 -541
-524 -542
-525 -543
-526 -544
-527 -545
-528 -546
-529 -547
-530 -548
-531 -549
-523 -550
-524 -551
-525 -552
-526 -553
-527 -554
-528 -555
-529 -556
-530 -557
-531 -558
-523 -559
-524 -560
-525 -561
-526 -562
-527 -563
-528 -564
-529 -565
-530 -566
-531 -567
-532 -541
-533 -542
-534 -543
-535 -544
-536 -545
-537 -546
-538 -547
-539 -548
-540 -549
-532 -550
-533 -551
-534 -552
-535 -553
-536 -554
-537 -555
-538 -556
-539 -557
-540 -558
-532 -559
-533 -560
-534 -561
-535 -562
-536 -563
-537 -564
-538 -565
-539 -566
-540 -567
-541 -550
-542 -551
-543 -552
-544 -553
-545 -554
-546 -555
-547 -556
-548 -557
-549 -558
-541 -559
-542 -560
-543 -561
-544 -562
-545 -563
-546 -564
-547 -565
-548 -566
-549 -567
-550 -559
-551 -560
-552 -561
-553 -562
-554 -563
-555 -564
-556 -565
-557 -566
-558 -567
-568 -577
-569 -578
-570 -579
-571 -580
-572 -581
-573 -582
-574 -583
-575 -584
-576 -585
-568 -586
-569 -587
-570 -588
-571 -589
-572 -590
-573 -591
-574 -592
-575 -593
-576 -594
-568 -595
-569 -596
-570 -597
-571 -598
-572 -599
-573 -600
-574 -601
-575 -602
-576 -603
-568 -604
-569 -605
-570 -606
-571 -607
-572 -608
-573 -609
-574 -610
-575 -611
-576 -612
-568 -613
-569 -614
-570 -615
-571 -616
-572 -617
-573 -618
-574 -619
-575 -620
-576 -621
-568 -622
-569 -623
-570 -624
-571 -625
-572 -626
-573 -627
-574 -628
-575 -629
-576 -630
-568 -631
-569 -632
-570 -633
-571 -634
-572 -635
-573 -636
-574 -637
-575 -638
-576 -639
-568 -640
-569 -641
-570 -642
-571 -643
-572 -644
-573 -645
-574 -646
-575 -647
-576 -648
-577 -586
-578 -587
-579 -588
-580 -589
-581 -590
-582 -591
-583 -592
-584 -593
-585 -594
-577 -595
-578 -596
-579 -597
-580 -598
-581 -599
-582 -600
-583 -601
-584 -602
-585 -603
-577 -604
-578 -605
-579 -606
-580 -607
-581 -608
-582 -609
-583 -610
-584 -611
-585 -612
-577 -613
-578 -614
-579 -615
-580 -616
-581 -617
-582 -618
-583 -619
-584 -620
-585 -621
-577 -622
-578 -623
-579 -624
-580 -625
-581 -626
-582 -627
-583 -628
-584 -629
-585 -630
-577 -631
-578 -632
-579 -633
-580 -634
-581 -635
-582 -636
-583 -637
-584 -638
-585 -639
-577 -640
-578 -641
-579 -642
-580 -643
-581 -644
-582 -645
-583 -646
-584 -647
-585 -648
-586 -595
-587 -596
-588 -597
-589 -598
-590 -599
-591 -600
-592 -601
-593 -602
-594 -603
-586 -604
-587 -605
-588 -606
-589 -607
-590 -608
-591 -609
-592 -610
-593 -611
-594 -612
-586 -613
-587 -614
-588 -615
-589 -616
-590 -617
-591 -618
-592 -619
-593 -620
-594 -621
-586 -622
-587 -623
-588 -624
-589 -625
-590 -626
-591 -627
-592 -628
-593 -629
-594 -630
-586 -631
-587 -632
-588 -633
-589 -634
-590 -635
-591 -636
-592 -637
-593 -638
-594 -639
-586 -640
-587 -641
-588 -642
-589 -643
-590 -644
-591 -645
-592 -646
-593 -647
-594 -648
-595 -604
-596 -605
-597 -606
-598 -607
-599 -608
-600 -609
-601 -610
-602 -611
-603 -612
-595 -613
-596 -614
-597 -615
-598 -616
-599 -617
-600 -618
-601 -619
-602 -620
-603 -621
-595 -622
-596 -623
-597 -624
-598 -625
-599 -626
-600 -627
-601 -628
-602 -629
-603 -630
-595 -631
-596 -632
-597 -633
-598 -634
-599 -635
-600 -636
-601 -637
-602 -638
-603 -639
-595 -640
-596 -641
-597 -642
-598 -643
-599 -644
-600 -645
-601 -646
-602 -647
-603 -648
-604 -613
-605 -614
-606 -615
-607 -616
-608 -617
-609 -618
-610 -619
-611 -620
-612 -621
-604 -622
-605 -623
-606 -624
-607 -625
-608 -626
-609 -627
-610 -628
-611 -629
-612 -630
-604 -631
-605 -632
-606 -633
-607 -634
-608 -635
-609 -636
-610 -637
-611 -638
-612 -639
-604 -640
-605 -641
-606 -642
-607 -643
-608 -644
-609 -645
-610 -646
-611 -647
-612 -648
-613 -622
-614 -623
-615 -624
-616 -625
-617 -626
-618 -627
-619 -628
-620 -629
-621 -630
-613 -631
-614 -632
-615 -633
-616 -634
-617 -635
-618 -636
-619 -637
-620 -638
-621 -639
-613 -640
-614 -641
-615 -642
-616 -643
-617 -644
-618 -645
-619 -646
-620 -647
-621 -648
-622 -631
-623 -632
-624 -633
-625 -634
-626 -635
-627 -636
-628 -637
-629 -638
-630 -639
-622 -640
-623 -641
-624 -642
-625 -643
-626 -644
-627 -645
-628 -646
-629 -647
-630 -648
-631 -640
-632 -641
-633 -642
-634 -643
-635 -644
-636 -645
-637 -646
-638 -647
-639 -648
-649 -658
-650 -659
-651 -660
-652 -661
-653 -662
-654 -663
-655 -664
-656 -665
-657 -666
-649 -667
-650 -668
-651 -669
-652 -670
-653 -671
-654 -672
-655 -673
-656 -674
-657 -675
-649 -676
-650 -677
-651 -678
-652 -679
-653 -680
-654 -681
-655 -682
-656 -683
-657 -684
-649 -685
-650 -686
-651 -687
-652 -688
-653 -689
-654 -690
-655 -691
-656 -692
-657 -693
-649 -694
-650 -695
-651 -696
-652 -697
-653 -698
-654 -699
-655 -700
-656 -701
-657 -702
-649 -703
-650 -704
-651 -705
-652 -706
-653 -707
-654 -708
-655 -709
-656 -710
-657 -711
-649 -712
-650 -713
-651 -714
-652 -715
-653 -716
-654 -717
-655 -718
-656 -719
-657 -720
-649 -721
-650 -722
-651 -723
-652 -724
-653 -725
-654 -726
-655 -727
-656 -728
-657 -729
-658 -667
-659 -668
-660 -669
-661 -670
-662 -671
-663 -672
-664 -673
-665 -674
-666 -675
-658 -676
-659 -677
-660 -678
-661 -679
-662 -680
-663 -681
-664 -682
-665 -683
-666 -684
-658 -685
-659 -686
-660 -687
-661 -688
-662 -689
-663 -690
-664 -691
-665 -692
-666 -693
-658 -694
-659 -695
-660 -696
-661 -697
-662 -698
-663 -699
-664 -700
-665 -701
-666 -702
-658 -703
-659 -704
-660 -705
-661 -706
-662 -707
-663 -708
-664 -709
-665 -710
-666 -711
-658 -712
-659 -713
-660 -714
-661 -715
-662 -716
-663 -717
-664 -718
-665 -719
-666 -720
-658 -721
-659 -722
-660 -723
-661 -724
-662 -725
-663 -726
-664 -727
-665 -728
-666 -729
-667 -676
-668 -677
-669 -678
-670 -679
-671 -680
-672 -681
-673 -682
-674 -683
-675 -684
-667 -685
-668 -686
-669 -687
-670 -688
-671 -689
-672 -690
-673 -691
-674 -692
-675 -693
-667 -694
-668 -695
-669 -696
-670 -697
-671 -698
-672 -699
-673 -700
-674 -701
-675 -702
-667 -703
-668 -704
-669 -705
-670 -706
-671 -707
-672 -708
-673 -709
-674 -710
-675 -711
-667 -712
-668 -713
-669 -714
-670 -715
-671 -716
-672 -717
-673 -718
-674 -719
-675 -720
-667 -721
-668 -722
-669 -723
-670 -724
-671 -725
-672 -726
-673 -727
-674 -728
-675 -729
-676 -685
-677 -686
-678 -687
-679 -688
-680 -689
-681 -690
-682 -691
-683 -692
-684 -693
-676 -694
-677 -695
-678 -696
-679 -697
-680 -698
-681 -699
-682 -700
-683 -701
-684 -702
-676 -703
-677 -704
-678 -705
-679 -706
-680 -707
-681 -708
-682 -709
-683 -710
-684 -711
-676 -712
-677 -713
-678 -714
-679 -715
-680 -716
-681 -717
-682 -718
-683 -719
-684 -720
-676 -721
-677 -722
-678 -723
-679 -724
-680 -725
-681 -726
-682 -727
-683 -728
-684 -729
-685 -694
-686 -695
-687 -696
-688 -697
-689 -698
-690 -699
-691 -700
-692 -701
-693 -702
-685 -703
-686 -704
-687 -705
-688 -706
-689 -707
-690 -708
-691 -709
-692 -710
-693 -711
-685 -712
-686 -713
-687 -714
-688 -715
-689 -716
-690 -717
-691 -718
-692 -719
-693 -720
-685 -721
-686 -722
-687 -723
-688 -724
-689 -725
-690 -726
-691 -727
-692 -728
-693 -729
-694 -703
-695 -704
-696 -705
-697 -706
-698 -707
-699 -708
-700 -709
-701 -710
-702 -711
-694 -712
-695 -713
-696 -714
-697 -715
-698 -716
-699 -717
-700 -718
-701 -719
-702 -720
-694 -721
-695 -722
-696 -723
-697 -724
-698 -725
-699 -726
-700 -727
-701 -728
-702 -729
-703 -712
-704 -713
-705 -714
-706 -715
-707 -716
-708 -717
-709 -718
-710 -719
-711 -720
-703 -721
-704 -722
-705 -723
-706 -724
-707 -725
-708 -726
-709 -727
-710 -728
-711 -729
-712 -721
-713 -722
-714 -723
-715 -724
-716 -725
-717 -726
-718 -727
-719 -728
-720 -729
-1 -1
-2 -2
-3 -3
-4 -4
-5 -5
-6 -6
-7 -7
-8 -8
-9 -9
-1 -1
-2 -2
-3 -3
-4 -4
-5 -5
-6 -6
-7 -7
-8 -8
-9 -9
-1 -1
-2 -2
-3 -3
-4 -4
-5 -5
-6 -6
-7 -7
-8 -8
-9 -9
-1 -1
-2 -2
-3 -3
-4 -4
-5 -5
-6 -6
-7 -7
-8 -8
-9 -9
-1 -1
-2 -2
-3 -3
-4 -4
-5 -5
-6 -6
-7 -7
-8 -8
-9 -9
-1 -1
-2 -2
-3 -3
-4 -4
-5 -5
-6 -6
-7 -7
-8 -8
-9 -9
-1 -1
-2 -2
-3 -3
-4 -4
-5 -5
-6 -6
-7 -7
-8 -8
-9 -9
-1 -1
-2 -2
-3 -3
-4 -4
-5 -5
-6 -6
-7 -7
-8 -8
-9 -9
-82 -82
-83 -83
-84 -84
-85 -85
-86 -86
-87 -87
-88 -88
-89 -89
-90 -90
-82 -82
-83 -83
-84 -84
-85 -85
-86 -86
-87 -87
-88 -88
-89 -89
-90 -90
-82 -82
-83 -83
-84 -84
-85 -85
-86 -86
-87 -87
-88 -88
-89 -89
-90 -90
-82 -82
-83 -83
-84 -84
-85 -85
-86 -86
-87 -87
-88 -88
-89 -89
-90 -90
-82 -82
-83 -83
-84 -84
-85 -85
-86 -86
-87 -87
-88 -88
-89 -89
-90 -90
-82 -82
-83 -83
-84 -84
-85 -85
-86 -86
-87 -87
-88 -88
-89 -89
-90 -90
-82 -82
-83 -83
-84 -84
-85 -85
-86 -86
-87 -87
-88 -88
-89 -89
-90 -90
-163 -163
-164 -164
-165 -165
-166 -166
-167 -167
-168 -168
-169 -169
-170 -170
-171 -171
-163 -163
-164 -164
-165 -165
-166 -166
-167 -167
-168 -168
-169 -169
-170 -170
-171 -171
-163 -163
-164 -164
-165 -165
-166 -166
-167 -167
-168 -168
-169 -169
-170 -170
-171 -171
-163 -163
-164 -164
-165 -165
-166 -166
-167 -167
-168 -168
-169 -169
-170 -170
-171 -171
-163 -163
-164 -164
-165 -165
-166 -166
-167 -167
-168 -168
-169 -169
-170 -170
-171 -171
-163 -163
-164 -164
-165 -165
-166 -166
-167 -167
-168 -168
-169 -169
-170 -170
-171 -171
-244 -244
-245 -245
-246 -246
-247 -247
-248 -248
-249 -249
-250 -250
-251 -251
-252 -252
-244 -244
-245 -245
-246 -246
-247 -247
-248 -248
-249 -249
-250 -250
-251 -251
-252 -252
-244 -244
-245 -245
-246 -246
-247 -247
-248 -248
-249 -249
-250 -250
-251 -251
-252 -252
-244 -244
-245 -245
-246 -246
-247 -247
-248 -248
-249 -249
-250 -250
-251 -251
-252 -252
-244 -244
-245 -245
-246 -246
-247 -247
-248 -248
-249 -249
-250 -250
-251 -251
-252 -252
-325 -325
-326 -326
-327 -327
-328 -328
-329 -329
-330 -330
-331 -331
-332 -332
-333 -333
-325 -325
-326 -326
-327 -327
-328 -328
-329 -329
-330 -330
-331 -331
-332 -332
-333 -333
-325 -325
-326 -326
-327 -327
-328 -328
-329 -329
-330 -330
-331 -331
-332 -332
-333 -333
-325 -325
-326 -326
-327 -327
-328 -328
-329 -329
-330 -330
-331 -331
-332 -332
-333 -333
-406 -406
-407 -407
-408 -408
-409 -409
-410 -410
-411 -411
-412 -412
-413 -413
-414 -414
-406 -406
-407 -407
-408 -408
-409 -409
-410 -410
-411 -411
-412 -412
-413 -413
-414 -414
-406 -406
-407 -407
-408 -408
-409 -409
-410 -410
-411 -411
-412 -412
-413 -413
-414 -414
-487 -487
-488 -488
-489 -489
-490 -490
-491 -491
-492 -492
-493 -493
-494 -494
-495 -495
-487 -487
-488 -488
-489 -489
-490 -490
-491 -491
-492 -492
-493 -493
-494 -494
-495 -495
-568 -568
-569 -569
-570 -570
-571 -571
-572 -572
-573 -573
-574 -574
-575 -575
-576 -576
-10 -10
-11 -11
-12 -12
-13 -13
-14 -14
-15 -15
-16 -16
-17 -17
-18 -18
-10 -10
-11 -11
-12 -12
-13 -13
-14 -14
-15 -15
-16 -16
-17 -17
-18 -18
-10 -10
-11 -11
-12 -12
-13 -13
-14 -14
-15 -15
-16 -16
-17 -17
-18 -18
-10 -10
-11 -11
-12 -12
-13 -13
-14 -14
-15 -15
-16 -16
-17 -17
-18 -18
-10 -10
-11 -11
-12 -12
-13 -13
-14 -14
-15 -15
-16 -16
-17 -17
-18 -18
-10 -10
-11 -11
-12 -12
-13 -13
-14 -14
-15 -15
-16 -16
-17 -17
-18 -18
-10 -10
-11 -11
-12 -12
-13 -13
-14 -14
-15 -15
-16 -16
-17 -17
-18 -18
-10 -10
-11 -11
-12 -12
-13 -13
-14 -14
-15 -15
-16 -16
-17 -17
-18 -18
-91 -91
-92 -92
-93 -93
-94 -94
-95 -95
-96 -96
-97 -97
-98 -98
-99 -99
-91 -91
-92 -92
-93 -93
-94 -94
-95 -95
-96 -96
-97 -97
-98 -98
-99 -99
-91 -91
-92 -92
-93 -93
-94 -94
-95 -95
-96 -96
-97 -97
-98 -98
-99 -99
-91 -91
-92 -92
-93 -93
-94 -94
-95 -95
-96 -96
-97 -97
-98 -98
-99 -99
-91 -91
-92 -92
-93 -93
-94 -94
-95 -95
-96 -96
-97 -97
-98 -98
-99 -99
-91 -91
-92 -92
-93 -93
-94 -94
-95 -95
-96 -96
-97 -97
-98 -98
-99 -99
-91 -91
-92 -92
-93 -93
-94 -94
-95 -95
-96 -96
-97 -97
-98 -98
-99 -99
-172 -172
-173 -173
-174 -174
-175 -175
-176 -176
-177 -177
-178 -178
-179 -179
-180 -180
-172 -172
-173 -173
-174 -174
-175 -175
-176 -176
-177 -177
-178 -178
-179 -179
-180 -180
-172 -172
-173 -173
-174 -174
-175 -175
-176 -176
-177 -177
-178 -178
-179 -179
-180 -180
-172 -172
-173 -173
-174 -174
-175 -175
-176 -176
-177 -177
-178 -178
-179 -179
-180 -180
-172 -172
-173 -173
-174 -174
-175 -175
-176 -176
-177 -177
-178 -178
-179 -179
-180 -180
-172 -172
-173 -173
-174 -174
-175 -175
-176 -176
-177 -177
-178 -178
-179 -179
-180 -180
-253 -253
-254 -254
-255 -255
-256 -256
-257 -257
-258 -258
-259 -259
-260 -260
-261 -261
-253 -253
-254 -254
-255 -255
-256 -256
-257 -257
-258 -258
-259 -259
-260 -260
-261 -261
-253 -253
-254 -254
-255 -255
-256 -256
-257 -257
-258 -258
-259 -259
-260 -260
-261 -261
-253 -253
-254 -254
-255 -255
-256 -256
-257 -257
-258 -258
-259 -259
-260 -260
-261 -261
-253 -253
-254 -254
-255 -255
-256 -256
-257 -257
-258 -258
-259 -259
-260 -260
-261 -261
-334 -334
-335 -335
-336 -336
-337 -337
-338 -338
-339 -339
-340 -340
-341 -341
-342 -342
-334 -334
-335 -335
-336 -336
-337 -337
-338 -338
-339 -339
-340 -340
-341 -341
-342 -342
-334 -334
-335 -335
-336 -336
-337 -337
-338 -338
-339 -339
-340 -340
-341 -341
-342 -342
-334 -334
-335 -335
-336 -336
-337 -337
-338 -338
-339 -339
-340 -340
-341 -341
-342 -342
-415 -415
-416 -416
-417 -417
-418 -418
-419 -419
-420 -420
-421 -421
-422 -422
-423 -423
-415 -415
-416 -416
-417 -417
-418 -418
-419 -419
-420 -420
-421 -421
-422 -422
-423 -423
-415 -415
-416 -416
-417 -417
-418 -418
-419 -419
-420 -420
-421 -421
-422 -422
-423 -423
-496 -496
-497 -497
-498 -498
-499 -499
-500 -500
-501 -501
-502 -502
-503 -503
-504 -504
-496 -496
-497 -497
-498 -498
-499 -499
-500 -500
-501 -501
-502 -502
-503 -503
-504 -504
-577 -577
-578 -578
-579 -579
-580 -580
-581 -581
-582 -582
-583 -583
-584 -584
-585 -585
-19 -19
-20 -20
-21 -21
-22 -22
-23 -23
-24 -24
-25 -25
-26 -26
-27 -27
-19 -19
-20 -20
-21 -21
-22 -22
-23 -23
-24 -24
-25 -25
-26 -26
-27 -27
-19 -19
-20 -20
-21 -21
-22 -22
-23 -23
-24 -24
-25 -25
-26 -26
-27 -27
-19 -19
-20 -20
-21 -21
-22 -22
-23 -23
-24 -24
-25 -25
-26 -26
-27 -27
-19 -19
-20 -20
-21 -21
-22 -22
-23 -23
-24 -24
-25 -25
-26 -26
-27 -27
-19 -19
-20 -20
-21 -21
-22 -22
-23 -23
-24 -24
-25 -25
-26 -26
-27 -27
-19 -19
-20 -20
-21 -21
-22 -22
-23 -23
-24 -24
-25 -25
-26 -26
-27 -27
-19 -19
-20 -20
-21 -21
-22 -22
-23 -23
-24 -24
-25 -25
-26 -26
-27 -27
-100 -100
-101 -101
-102 -102
-103 -103
-104 -104
-105 -105
-106 -106
-107 -107
-108 -108
-100 -100
-101 -101
-102 -102
-103 -103
-104 -104
-105 -105
-106 -106
-107 -107
-108 -108
-100 -100
-101 -101
-102 -102
-103 -103
-104 -104
-105 -105
-106 -106
-107 -107
-108 -108
-100 -100
-101 -101
-102 -102
-103 -103
-104 -104
-105 -105
-106 -106
-107 -107
-108 -108
-100 -100
-101 -101
-102 -102
-103 -103
-104 -104
-105 -105
-106 -106
-107 -107
-108 -108
-100 -100
-101 -101
-102 -102
-103 -103
-104 -104
-105 -105
-106 -106
-107 -107
-108 -108
-100 -100
-101 -101
-102 -102
-103 -103
-104 -104
-105 -105
-106 -106
-107 -107
-108 -108
-181 -181
-182 -182
-183 -183
-184 -184
-185 -185
-186 -186
-187 -187
-188 -188
-189 -189
-181 -181
-182 -182
-183 -183
-184 -184
-185 -185
-186 -186
-187 -187
-188 -188
-189 -189
-181 -181
-182 -182
-183 -183
-184 -184
-185 -185
-186 -186
-187 -187
-188 -188
-189 -189
-181 -181
-182 -182
-183 -183
-184 -184
-185 -185
-186 -186
-187 -187
-188 -188
-189 -189
-181 -181
-182 -182
-183 -183
-184 -184
-185 -185
-186 -186
-187 -187
-188 -188
-189 -189
-181 -181
-182 -182
-183 -183
-184 -184
-185 -185
-186 -186
-187 -187
-188 -188
-189 -189
-262 -262
-263 -263
-264 -264
-265 -265
-266 -266
-267 -267
-268 -268
-269 -269
-270 -270
-262 -262
-263 -263
-264 -264
-265 -265
-266 -266
-267 -267
-268 -268
-269 -269
-270 -270
-262 -262
-263 -263
-264 -264
-265 -265
-266 -266
-267 -267
-268 -268
-269 -269
-270 -270
-262 -262
-263 -263
-264 -264
-265 -265
-266 -266
-267 -267
-268 -268
-269 -269
-270 -270
-262 -262
-263 -263
-264 -264
-265 -265
-266 -266
-267 -267
-268 -268
-269 -269
-270 -270
-343 -343
-344 -344
-345 -345
-346 -346
-347 -347
-348 -348
-349 -349
-350 -350
-351 -351
-343 -343
-344 -344
-345 -345
-346 -346
-347 -347
-348 -348
-349 -349
-350 -350
-351 -351
-343 -343
-344 -344
-345 -345
-346 -346
-347 -347
-348 -348
-349 -349
-350 -350
-351 -351
-343 -343
-344 -344
-345 -345
-346 -346
-347 -347
-348 -348
-349 -349
-350 -350
-351 -351
-424 -424
-425 -425
-426 -426
-427 -427
-428 -428
-429 -429
-430 -430
-431 -431
-432 -432
-424 -424
-425 -425
-426 -426
-427 -427
-428 -428
-429 -429
-430 -430
-431 -431
-432 -432
-424 -424
-425 -425
-426 -426
-427 -427
-428 -428
-429 -429
-430 -430
-431 -431
-432 -432
-505 -505
-506 -506
-507 -507
-508 -508
-509 -509
-510 -510
-511 -511
-512 -512
-513 -513
-505 -505
-506 -506
-507 -507
-508 -508
-509 -509
-510 -510
-511 -511
-512 -512
-513 -513
-586 -586
-587 -587
-588 -588
-589 -589
-590 -590
-591 -591
-592 -592
-593 -593
-594 -594
-28 -28
-29 -29
-30 -30
-31 -31
-32 -32
-33 -33
-34 -34
-35 -35
-36 -36
-28 -28
-29 -29
-30 -30
-31 -31
-32 -32
-33 -33
-34 -34
-35 -35
-36 -36
-28 -28
-29 -29
-30 -30
-31 -31
-32 -32
-33 -33
-34 -34
-35 -35
-36 -36
-28 -28
-29 -29
-30 -30
-31 -31
-32 -32
-33 -33
-34 -34
-35 -35
-36 -36
-28 -28
-29 -29
-30 -30
-31 -31
-32 -32
-33 -33
-34 -34
-35 -35
-36 -36
-28 -28
-29 -29
-30 -30
-31 -31
-32 -32
-33 -33
-34 -34
-35 -35
-36 -36
-28 -28
-29 -29
-30 -30
-31 -31
-32 -32
-33 -33
-34 -34
-35 -35
-36 -36
-28 -28
-29 -29
-30 -30
-31 -31
-32 -32
-33 -33
-34 -34
-35 -35
-36 -36
-109 -109
-110 -110
-111 -111
-112 -112
-113 -113
-114 -114
-115 -115
-116 -116
-117 -117
-109 -109
-110 -110
-111 -111
-112 -112
-113 -113
-114 -114
-115 -115
-116 -116
-117 -117
-109 -109
-110 -110
-111 -111
-112 -112
-113 -113
-114 -114
-115 -115
-116 -116
-117 -117
-109 -109
-110 -110
-111 -111
-112 -112
-113 -113
-114 -114
-115 -115
-116 -116
-117 -117
-109 -109
-110 -110
-111 -111
-112 -112
-113 -113
-114 -114
-115 -115
-116 -116
-117 -117
-109 -109
-110 -110
-111 -111
-112 -112
-113 -113
-114 -114
-115 -115
-116 -116
-117 -117
-109 -109
-110 -110
-111 -111
-112 -112
-113 -113
-114 -114
-115 -115
-116 -116
-117 -117
-190 -190
-191 -191
-192 -192
-193 -193
-194 -194
-195 -195
-196 -196
-197 -197
-198 -198
-190 -190
-191 -191
-192 -192
-193 -193
-194 -194
-195 -195
-196 -196
-197 -197
-198 -198
-190 -190
-191 -191
-192 -192
-193 -193
-194 -194
-195 -195
-196 -196
-197 -197
-198 -198
-190 -190
-191 -191
-192 -192
-193 -193
-194 -194
-195 -195
-196 -196
-197 -197
-198 -198
-190 -190
-191 -191
-192 -192
-193 -193
-194 -194
-195 -195
-196 -196
-197 -197
-198 -198
-190 -190
-191 -191
-192 -192
-193 -193
-194 -194
-195 -195
-196 -196
-197 -197
-198 -198
-271 -271
-272 -272
-273 -273
-274 -274
-275 -275
-276 -276
-277 -277
-278 -278
-279 -279
-271 -271
-272 -272
-273 -273
-274 -274
-275 -275
-276 -276
-277 -277
-278 -278
-279 -279
-271 -271
-272 -272
-273 -273
-274 -274
-275 -275
-276 -276
-277 -277
-278 -278
-279 -279
-271 -271
-272 -272
-273 -273
-274 -274
-275 -275
-276 -276
-277 -277
-278 -278
-279 -279
-271 -271
-272 -272
-273 -273
-274 -274
-275 -275
-276 -276
-277 -277
-278 -278
-279 -279
-352 -352
-353 -353
-354 -354
-355 -355
-356 -356
-357 -357
-358 -358
-359 -359
-360 -360
-352 -352
-353 -353
-354 -354
-355 -355
-356 -356
-357 -357
-358 -358
-359 -359
-360 -360
-352 -352
-353 -353
-354 -354
-355 -355
-356 -356
-357 -357
-358 -358
-359 -359
-360 -360
-352 -352
-353 -353
-354 -354
-355 -355
-356 -356
-357 -357
-358 -358
-359 -359
-360 -360
-433 -433
-434 -434
-435 -435
-436 -436
-437 -437
-438 -438
-439 -439
-440 -440
-441 -441
-433 -433
-434 -434
-435 -435
-436 -436
-437 -437
-438 -438
-439 -439
-440 -440
-441 -441
-433 -433
-434 -434
-435 -435
-436 -436
-437 -437
-438 -438
-439 -439
-440 -440
-441 -441
-514 -514
-515 -515
-516 -516
-517 -517
-518 -518
-519 -519
-520 -520
-521 -521
-522 -522
-514 -514
-515 -515
-516 -516
-517 -517
-518 -518
-519 -519
-520 -520
-521 -521
-522 -522
-595 -595
-596 -596
-597 -597
-598 -598
-599 -599
-600 -600
-601 -601
-602 -602
-603 -603
-37 -37
-38 -38
-39 -39
-40 -40
-41 -41
-42 -42
-43 -43
-44 -44
-45 -45
-37 -37
-38 -38
-39 -39
-40 -40
-41 -41
-42 -42
-43 -43
-44 -44
-45 -45
-37 -37
-38 -38
-39 -39
-40 -40
-41 -41
-42 -42
-43 -43
-44 -44
-45 -45
-37 -37
-38 -38
-39 -39
-40 -40
-41 -41
-42 -42
-43 -43
-44 -44
-45 -45
-37 -37
-38 -38
-39 -39
-40 -40
-41 -41
-42 -42
-43 -43
-44 -44
-45 -45
-37 -37
-38 -38
-39 -39
-40 -40
-41 -41
-42 -42
-43 -43
-44 -44
-45 -45
-37 -37
-38 -38
-39 -39
-40 -40
-41 -41
-42 -42
-43 -43
-44 -44
-45 -45
-37 -37
-38 -38
-39 -39
-40 -40
-41 -41
-42 -42
-43 -43
-44 -44
-45 -45
-118 -118
-119 -119
-120 -120
-121 -121
-122 -122
-123 -123
-124 -124
-125 -125
-126 -126
-118 -118
-119 -119
-120 -120
-121 -121
-122 -122
-123 -123
-124 -124
-125 -125
-126 -126
-118 -118
-119 -119
-120 -120
-121 -121
-122 -122
-123 -123
-124 -124
-125 -125
-126 -126
-118 -118
-119 -119
-120 -120
-121 -121
-122 -122
-123 -123
-124 -124
-125 -125
-126 -126
-118 -118
-119 -119
-120 -120
-121 -121
-122 -122
-123 -123
-124 -124
-125 -125
-126 -126
-118 -118
-119 -119
-120 -120
-121 -121
-122 -122
-123 -123
-124 -124
-125 -125
-126 -126
-118 -118
-119 -119
-120 -120
-121 -121
-122 -122
-123 -123
-124 -124
-125 -125
-126 -126
-199 -199
-200 -200
-201 -201
-202 -202
-203 -203
-204 -204
-205 -205
-206 -206
-207 -207
-199 -199
-200 -200
-201 -201
-202 -202
-203 -203
-204 -204
-205 -205
-206 -206
-207 -207
-199 -199
-200 -200
-201 -201
-202 -202
-203 -203
-204 -204
-205 -205
-206 -206
-207 -207
-199 -199
-200 -200
-201 -201
-202 -202
-203 -203
-204 -204
-205 -205
-206 -206
-207 -207
-199 -199
-200 -200
-201 -201
-202 -202
-203 -203
-204 -204
-205 -205
-206 -206
-207 -207
-199 -199
-200 -200
-201 -201
-202 -202
-203 -203
-204 -204
-205 -205
-206 -206
-207 -207
-280 -280
-281 -281
-282 -282
-283 -283
-284 -284
-285 -285
-286 -286
-287 -287
-288 -288
-280 -280
-281 -281
-282 -282
-283 -283
-284 -284
-285 -285
-286 -286
-287 -287
-288 -288
-280 -280
-281 -281
-282 -282
-283 -283
-284 -284
-285 -285
-286 -286
-287 -287
-288 -288
-280 -280
-281 -281
-282 -282
-283 -283
-284 -284
-285 -285
-286 -286
-287 -287
-288 -288
-280 -280
-281 -281
-282 -282
-283 -283
-284 -284
-285 -285
-286 -286
-287 -287
-288 -288
-361 -361
-362 -362
-363 -363
-364 -364
-365 -365
-366 -366
-367 -367
-368 -368
-369 -369
-361 -361
-362 -362
-363 -363
-364 -364
-365 -365
-366 -366
-367 -367
-368 -368
-369 -369
-361 -361
-362 -362
-363 -363
-364 -364
-365 -365
-366 -366
-367 -367
-368 -368
-369 -369
-361 -361
-362 -362
-363 -363
-364 -364
-365 -365
-366 -366
-367 -367
-368 -368
-369 -369
-442 -442
-443 -443
-444 -444
-445 -445
-446 -446
-447 -447
-448 -448
-449 -449
-450 -450
-442 -442
-443 -443
-444 -444
-445 -445
-446 -446
-447 -447
-448 -448
-449 -449
-450 -450
-442 -442
-443 -443
-444 -444
-445 -445
-446 -446
-447 -447
-448 -448
-449 -449
-450 -450
-523 -523
-524 -524
-525 -525
-526 -526
-527 -527
-528 -528
-529 -529
-530 -530
-531 -531
-523 -523
-524 -524
-525 -525
-526 -526
-527 -527
-528 -528
-529 -529
-530 -530
-531 -531
-604 -604
-605 -605
-606 -606
-607 -607
-608 -608
-609 -609
-610 -610
-611 -611
-612 -612
-46 -46
-47 -47
-48 -48
-49 -49
-50 -50
-51 -51
-52 -52
-53 -53
-54 -54
-46 -46
-47 -47
-48 -48
-49 -49
-50 -50
-51 -51
-52 -52
-53 -53
-54 -54
-46 -46
-47 -47
-48 -48
-49 -49
-50 -50
-51 -51
-52 -52
-53 -53
-54 -54
-46 -46
-47 -47
-48 -48
-49 -49
-50 -50
-51 -51
-52 -52
-53 -53
-54 -54
-46 -46
-47 -47
-48 -48
-49 -49
-50 -50
-51 -51
-52 -52
-53 -53
-54 -54
-46 -46
-47 -47
-48 -48
-49 -49
-50 -50
-51 -51
-52 -52
-53 -53
-54 -54
-46 -46
-47 -47
-48 -48
-49 -49
-50 -50
-51 -51
-52 -52
-53 -53
-54 -54
-46 -46
-47 -47
-48 -48
-49 -49
-50 -50
-51 -51
-52 -52
-53 -53
-54 -54
-127 -127
-128 -128
-129 -129
-130 -130
-131 -131
-132 -132
-133 -133
-134 -134
-135 -135
-127 -127
-128 -128
-129 -129
-130 -130
-131 -131
-132 -132
-133 -133
-134 -134
-135 -135
-127 -127
-128 -128
-129 -129
-130 -130
-131 -131
-132 -132
-133 -133
-134 -134
-135 -135
-127 -127
-128 -128
-129 -129
-130 -130
-131 -131
-132 -132
-133 -133
-134 -134
-135 -135
-127 -127
-128 -128
-129 -129
-130 -130
-131 -131
-132 -132
-133 -133
-134 -134
-135 -135
-127 -127
-128 -128
-129 -129
-130 -130
-131 -131
-132 -132
-133 -133
-134 -134
-135 -135
-127 -127
-128 -128
-129 -129
-130 -130
-131 -131
-132 -132
-133 -133
-134 -134
-135 -135
-208 -208
-209 -209
-210 -210
-211 -211
-212 -212
-213 -213
-214 -214
-215 -215
-216 -216
-208 -208
-209 -209
-210 -210
-211 -211
-212 -212
-213 -213
-214 -214
-215 -215
-216 -216
-208 -208
-209 -209
-210 -210
-211 -211
-212 -212
-213 -213
-214 -214
-215 -215
-216 -216
-208 -208
-209 -209
-210 -210
-211 -211
-212 -212
-213 -213
-214 -214
-215 -215
-216 -216
-208 -208
-209 -209
-210 -210
-211 -211
-212 -212
-213 -213
-214 -214
-215 -215
-216 -216
-208 -208
-209 -209
-210 -210
-211 -211
-212 -212
-213 -213
-214 -214
-215 -215
-216 -216
-289 -289
-290 -290
-291 -291
-292 -292
-293 -293
-294 -294
-295 -295
-296 -296
-297 -297
-289 -289
-290 -290
-291 -291
-292 -292
-293 -293
-294 -294
-295 -295
-296 -296
-297 -297
-289 -289
-290 -290
-291 -291
-292 -292
-293 -293
-294 -294
-295 -295
-296 -296
-297 -297
-289 -289
-290 -290
-291 -291
-292 -292
-293 -293
-294 -294
-295 -295
-296 -296
-297 -297
-289 -289
-290 -290
-291 -291
-292 -292
-293 -293
-294 -294
-295 -295
-296 -296
-297 -297
-370 -370
-371 -371
-372 -372
-373 -373
-374 -374
-375 -375
-376 -376
-377 -377
-378 -378
-370 -370
-371 -371
-372 -372
-373 -373
-374 -374
-375 -375
-376 -376
-377 -377
-378 -378
-370 -370
-371 -371
-372 -372
-373 -373
-374 -374
-375 -375
-376 -376
-377 -377
-378 -378
-370 -370
-371 -371
-372 -372
-373 -373
-374 -374
-375 -375
-376 -376
-377 -377
-378 -378
-451 -451
-452 -452
-453 -453
-454 -454
-455 -455
-456 -456
-457 -457
-458 -458
-459 -459
-451 -451
-452 -452
-453 -453
-454 -454
-455 -455
-456 -456
-457 -457
-458 -458
-459 -459
-451 -451
-452 -452
-453 -453
-454 -454
-455 -455
-456 -456
-457 -457
-458 -458
-459 -459
-532 -532
-533 -533
-534 -534
-535 -535
-536 -536
-537 -537
-538 -538
-539 -539
-540 -540
-532 -532
-533 -533
-534 -534
-535 -535
-536 -536
-537 -537
-538 -538
-539 -539
-540 -540
-613 -613
-614 -614
-615 -615
-616 -616
-617 -617
-618 -618
-619 -619
-620 -620
-621 -621
-55 -55
-56 -56
-57 -57
-58 -58
-59 -59
-60 -60
-61 -61
-62 -62
-63 -63
-55 -55
-56 -56
-57 -57
-58 -58
-59 -59
-60 -60
-61 -61
-62 -62
-63 -63
-55 -55
-56 -56
-57 -57
-58 -58
-59 -59
-60 -60
-61 -61
-62 -62
-63 -63
-55 -55
-56 -56
-57 -57
-58 -58
-59 -59
-60 -60
-61 -61
-62 -62
-63 -63
-55 -55
-56 -56
-57 -57
-58 -58
-59 -59
-60 -60
-61 -61
-62 -62
-63 -63
-55 -55
-56 -56
-57 -57
-58 -58
-59 -59
-60 -60
-61 -61
-62 -62
-63 -63
-55 -55
-56 -56
-57 -57
-58 -58
-59 -59
-60 -60
-61 -61
-62 -62
-63 -63
-55 -55
-56 -56
-57 -57
-58 -58
-59 -59
-60 -60
-61 -61
-62 -62
-63 -63
-136 -136
-137 -137
-138 -138
-139 -139
-140 -140
-141 -141
-142 -142
-143 -143
-144 -144
-136 -136
-137 -137
-138 -138
-139 -139
-140 -140
-141 -141
-142 -142
-143 -143
-144 -144
-136 -136
-137 -137
-138 -138
-139 -139
-140 -140
-141 -141
-142 -142
-143 -143
-144 -144
-136 -136
-137 -137
-138 -138
-139 -139
-140 -140
-141 -141
-142 -142
-143 -143
-144 -144
-136 -136
-137 -137
-138 -138
-139 -139
-140 -140
-141 -141
-142 -142
-143 -143
-144 -144
-136 -136
-137 -137
-138 -138
-139 -139
-140 -140
-141 -141
-142 -142
-143 -143
-144 -144
-136 -136
-137 -137
-138 -138
-139 -139
-140 -140
-141 -141
-142 -142
-143 -143
-144 -144
-217 -217
-218 -218
-219 -219
-220 -220
-221 -221
-222 -222
-223 -223
-224 -224
-225 -225
-217 -217
-218 -218
-219 -219
-220 -220
-221 -221
-222 -222
-223 -223
-224 -224
-225 -225
-217 -217
-218 -218
-219 -219
-220 -220
-221 -221
-222 -222
-223 -223
-224 -224
-225 -225
-217 -217
-218 -218
-219 -219
-220 -220
-221 -221
-222 -222
-223 -223
-224 -224
-225 -225
-217 -217
-218 -218
-219 -219
-220 -220
-221 -221
-222 -222
-223 -223
-224 -224
-225 -225
-217 -217
-218 -218
-219 -219
-220 -220
-221 -221
-222 -222
-223 -223
-224 -224
-225 -225
-298 -298
-299 -299
-300 -300
-301 -301
-302 -302
-303 -303
-304 -304
-305 -305
-306 -306
-298 -298
-299 -299
-300 -300
-301 -301
-302 -302
-303 -303
-304 -304
-305 -305
-306 -306
-298 -298
-299 -299
-300 -300
-301 -301
-302 -302
-303 -303
-304 -304
-305 -305
-306 -306
-298 -298
-299 -299
-300 -300
-301 -301
-302 -302
-303 -303
-304 -304
-305 -305
-306 -306
-298 -298
-299 -299
-300 -300
-301 -301
-302 -302
-303 -303
-304 -304
-305 -305
-306 -306
-379 -379
-380 -380
-381 -381
-382 -382
-383 -383
-384 -384
-385 -385
-386 -386
-387 -387
-379 -379
-380 -380
-381 -381
-382 -382
-383 -383
-384 -384
-385 -385
-386 -386
-387 -387
-379 -379
-380 -380
-381 -381
-382 -382
-383 -383
-384 -384
-385 -385
-386 -386
-387 -387
-379 -379
-380 -380
-381 -381
-382 -382
-383 -383
-384 -384
-385 -385
-386 -386
-387 -387
-460 -460
-461 -461
-462 -462
-463 -463
-464 -464
-465 -465
-466 -466
-467 -467
-468 -468
-460 -460
-461 -461
-462 -462
-463 -463
-464 -464
-465 -465
-466 -466
-467 -467
-468 -468
-460 -460
-461 -461
-462 -462
-463 -463
-464 -464
-465 -465
-466 -466
-467 -467
-468 -468
-541 -541
-542 -542
-543 -543
-544 -544
-545 -545
-546 -546
-547 -547
-548 -548
-549 -549
-541 -541
-542 -542
-543 -543
-544 -544
-545 -545
-546 -546
-547 -547
-548 -548
-549 -549
-622 -622
-623 -623
-624 -624
-625 -625
-626 -626
-627 -627
-628 -628
-629 -629
-630 -630
-64 -64
-65 -65
-66 -66
-67 -67
-68 -68
-69 -69
-70 -70
-71 -71
-72 -72
-64 -64
-65 -65
-66 -66
-67 -67
-68 -68
-69 -69
-70 -70
-71 -71
-72 -72
-64 -64
-65 -65
-66 -66
-67 -67
-68 -68
-69 -69
-70 -70
-71 -71
-72 -72
-64 -64
-65 -65
-66 -66
-67 -67
-68 -68
-69 -69
-70 -70
-71 -71
-72 -72
-64 -64
-65 -65
-66 -66
-67 -67
-68 -68
-69 -69
-70 -70
-71 -71
-72 -72
-64 -64
-65 -65
-66 -66
-67 -67
-68 -68
-69 -69
-70 -70
-71 -71
-72 -72
-64 -64
-65 -65
-66 -66
-67 -67
-68 -68
-69 -69
-70 -70
-71 -71
-72 -72
-64 -64
-65 -65
-66 -66
-67 -67
-68 -68
-69 -69
-70 -70
-71 -71
-72 -72
-145 -145
-146 -146
-147 -147
-148 -148
-149 -149
-150 -150
-151 -151
-152 -152
-153 -153
-145 -145
-146 -146
-147 -147
-148 -148
-149 -149
-150 -150
-151 -151
-152 -152
-153 -153
-145 -145
-146 -146
-147 -147
-148 -148
-149 -149
-150 -150
-151 -151
-152 -152
-153 -153
-145 -145
-146 -146
-147 -147
-148 -148
-149 -149
-150 -150
-151 -151
-152 -152
-153 -153
-145 -145
-146 -146
-147 -147
-148 -148
-149 -149
-150 -150
-151 -151
-152 -152
-153 -153
-145 -145
-146 -146
-147 -147
-148 -148
-149 -149
-150 -150
-151 -151
-152 -152
-153 -153
-145 -145
-146 -146
-147 -147
-148 -148
-149 -149
-150 -150
-151 -151
-152 -152
-153 -153
-226 -226
-227 -227
-228 -228
-229 -229
-230 -230
-231 -231
-232 -232
-233 -233
-234 -234
-226 -226
-227 -227
-228 -228
-229 -229
-230 -230
-231 -231
-232 -232
-233 -233
-234 -234
-226 -226
-227 -227
-228 -228
-229 -229
-230 -230
-231 -231
-232 -232
-233 -233
-234 -234
-226 -226
-227 -227
-228 -228
-229 -229
-230 -230
-231 -231
-232 -232
-233 -233
-234 -234
-226 -226
-227 -227
-228 -228
-229 -229
-230 -230
-231 -231
-232 -232
-233 -233
-234 -234
-226 -226
-227 -227
-228 -228
-229 -229
-230 -230
-231 -231
-232 -232
-233 -233
-234 -234
-307 -307
-308 -308
-309 -309
-310 -310
-311 -311
-312 -312
-313 -313
-314 -314
-315 -315
-307 -307
-308 -308
-309 -309
-310 -310
-311 -311
-312 -312
-313 -313
-314 -314
-315 -315
-307 -307
-308 -308
-309 -309
-310 -310
-311 -311
-312 -312
-313 -313
-314 -314
-315 -315
-307 -307
-308 -308
-309 -309
-310 -310
-311 -311
-312 -312
-313 -313
-314 -314
-315 -315
-307 -307
-308 -308
-309 -309
-310 -310
-311 -311
-312 -312
-313 -313
-314 -314
-315 -315
-388 -388
-389 -389
-390 -390
-391 -391
-392 -392
-393 -393
-394 -394
-395 -395
-396 -396
-388 -388
-389 -389
-390 -390
-391 -391
-392 -392
-393 -393
-394 -394
-395 -395
-396 -396
-388 -388
-389 -389
-390 -390
-391 -391
-392 -392
-393 -393
-394 -394
-395 -395
-396 -396
-388 -388
-389 -389
-390 -390
-391 -391
-392 -392
-393 -393
-394 -394
-395 -395
-396 -396
-469 -469
-470 -470
-471 -471
-472 -472
-473 -473
-474 -474
-475 -475
-476 -476
-477 -477
-469 -469
-470 -470
-471 -471
-472 -472
-473 -473
-474 -474
-475 -475
-476 -476
-477 -477
-469 -469
-470 -470
-471 -471
-472 -472
-473 -473
-474 -474
-475 -475
-476 -476
-477 -477
-550 -550
-551 -551
-552 -552
-553 -553
-554 -554
-555 -555
-556 -556
-557 -557
-558 -558
-550 -550
-551 -551
-552 -552
-553 -553
-554 -554
-555 -555
-556 -556
-557 -557
-558 -558
-631 -631
-632 -632
-633 -633
-634 -634
-635 -635
-636 -636
-637 -637
-638 -638
-639 -639
-73 -73
-74 -74
-75 -75
-76 -76
-77 -77
-78 -78
-79 -79
-80 -80
-81 -81
-73 -73
-74 -74
-75 -75
-76 -76
-77 -77
-78 -78
-79 -79
-80 -80
-81 -81
-73 -73
-74 -74
-75 -75
-76 -76
-77 -77
-78 -78
-79 -79
-80 -80
-81 -81
-73 -73
-74 -74
-75 -75
-76 -76
-77 -77
-78 -78
-79 -79
-80 -80
-81 -81
-73 -73
-74 -74
-75 -75
-76 -76
-77 -77
-78 -78
-79 -79
-80 -80
-81 -81
-73 -73
-74 -74
-75 -75
-76 -76
-77 -77
-78 -78
-79 -79
-80 -80
-81 -81
-73 -73
-74 -74
-75 -75
-76 -76
-77 -77
-78 -78
-79 -79
-80 -80
-81 -81
-73 -73
-74 -74
-75 -75
-76 -76
-77 -77
-78 -78
-79 -79
-80 -80
-81 -81
-154 -154
-155 -155
-156 -156
-157 -157
-158 -158
-159 -159
-160 -160
-161 -161
-162 -162
-154 -154
-155 -155
-156 -156
-157 -157
-158 -158
-159 -159
-160 -160
-161 -161
-162 -162
-154 -154
-155 -155
-156 -156
-157 -157
-158 -158
-159 -159
-160 -160
-161 -161
-162 -162
-154 -154
-155 -155
-156 -156
-157 -157
-158 -158
-159 -159
-160 -160
-161 -161
-162 -162
-154 -154
-155 -155
-156 -156
-157 -157
-158 -158
-159 -159
-160 -160
-161 -161
-162 -162
-154 -154
-155 -155
-156 -156
-157 -157
-158 -158
-159 -159
-160 -160
-161 -161
-162 -162
-154 -154
-155 -155
-156 -156
-157 -157
-158 -158
-159 -159
-160 -160
-161 -161
-162 -162
-235 -235
-236 -236
-237 -237
-238 -238
-239 -239
-240 -240
-241 -241
-242 -242
-243 -243
-235 -235
-236 -236
-237 -237
-238 -238
-239 -239
-240 -240
-241 -241
-242 -242
-243 -243
-235 -235
-236 -236
-237 -237
-238 -238
-239 -239
-240 -240
-241 -241
-242 -242
-243 -243
-235 -235
-236 -236
-237 -237
-238 -238
-239 -239
-240 -240
-241 -241
-242 -242
-243 -243
-235 -235
-236 -236
-237 -237
-238 -238
-239 -239
-240 -240
-241 -241
-242 -242
-243 -243
-235 -235
-236 -236
-237 -237
-238 -238
-239 -239
-240 -240
-241 -241
-242 -242
-243 -243
-316 -316
-317 -317
-318 -318
-319 -319
-320 -320
-321 -321
-322 -322
-323 -323
-324 -324
-316 -316
-317 -317
-318 -318
-319 -319
-320 -320
-321 -321
-322 -322
-323 -323
-324 -324
-316 -316
-317 -317
-318 -318
-319 -319
-320 -320
-321 -321
-322 -322
-323 -323
-324 -324
-316 -316
-317 -317
-318 -318
-319 -319
-320 -320
-321 -321
-322 -322
-323 -323
-324 -324
-316 -316
-317 -317
-318 -318
-319 -319
-320 -320
-321 -321
-322 -322
-323 -323
-324 -324
-397 -397
-398 -398
-399 -399
-400 -400
-401 -401
-402 -402
-403 -403
-404 -404
-405 -405
-397 -397
-398 -398
-399 -399
-400 -400
-401 -401
-402 -402
-403 -403
-404 -404
-405 -405
-397 -397
-398 -398
-399 -399
-400 -400
-401 -401
-402 -402
-403 -403
-404 -404
-405 -405
-397 -397
-398 -398
-399 -399
-400 -400
-401 -401
-402 -402
-403 -403
-404 -404
-405 -405
-478 -478
-479 -479
-480 -480
-481 -481
-482 -482
-483 -483
-484 -484
-485 -485
-486 -486
-478 -478
-479 -479
-480 -480
-481 -481
-482 -482
-483 -483
-484 -484
-485 -485
-486 -486
-478 -478
-479 -479
-480 -480
-481 -481
-482 -482
-483 -483
-484 -484
-485 -485
-486 -486
-559 -559
-560 -560
-561 -561
-562 -562
-563 -563
-564 -564
-565 -565
-566 -566
-567 -567
-559 -559
-560 -560
-561 -561
-562 -562
-563 -563
-564 -564
-565 -565
-566 -566
-567 -567
-640 -640
-641 -641
-642 -642
-643 -643
-644 -644
-645 -645
-646 -646
-647 -647
-648 -648
-1 -91
-2 -92
-3 -93
-4 -94
-5 -95
-6 -96
-7 -97
-8 -98
-9 -99
-1 -91
-2 -92
-3 -93
-4 -94
-5 -95
-6 -96
-7 -97
-8 -98
-9 -99
-1 -181
-2 -182
-3 -183
-4 -184
-5 -185
-6 -186
-7 -187
-8 -188
-9 -189
-1 -181
-2 -182
-3 -183
-4 -184
-5 -185
-6 -186
-7 -187
-8 -188
-9 -189
-10 -91
-11 -92
-12 -93
-13 -94
-14 -95
-15 -96
-16 -97
-17 -98
-18 -99
-10 -181
-11 -182
-12 -183
-13 -184
-14 -185
-15 -186
-16 -187
-17 -188
-18 -189
-82 -181
-83 -182
-84 -183
-85 -184
-86 -185
-87 -186
-88 -187
-89 -188
-90 -189
-82 -181
-83 -182
-84 -183
-85 -184
-86 -185
-87 -186
-88 -187
-89 -188
-90 -189
-91 -181
-92 -182
-93 -183
-94 -184
-95 -185
-96 -186
-97 -187
-98 -188
-99 -189
-28 -91
-29 -92
-30 -93
-31 -94
-32 -95
-33 -96
-34 -97
-35 -98
-36 -99
-28 -91
-29 -92
-30 -93
-31 -94
-32 -95
-33 -96
-34 -97
-35 -98
-36 -99
-28 -181
-29 -182
-30 -183
-31 -184
-32 -185
-33 -186
-34 -187
-35 -188
-36 -189
-28 -181
-29 -182
-30 -183
-31 -184
-32 -185
-33 -186
-34 -187
-35 -188
-36 -189
-37 -91
-38 -92
-39 -93
-40 -94
-41 -95
-42 -96
-43 -97
-44 -98
-45 -99
-37 -181
-38 -182
-39 -183
-40 -184
-41 -185
-42 -186
-43 -187
-44 -188
-45 -189
-109 -181
-110 -182
-111 -183
-112 -184
-113 -185
-114 -186
-115 -187
-116 -188
-117 -189
-109 -181
-110 -182
-111 -183
-112 -184
-113 -185
-114 -186
-115 -187
-116 -188
-117 -189
-118 -181
-119 -182
-120 -183
-121 -184
-122 -185
-123 -186
-124 -187
-125 -188
-126 -189
-55 -91
-56 -92
-57 -93
-58 -94
-59 -95
-60 -96
-61 -97
-62 -98
-63 -99
-55 -91
-56 -92
-57 -93
-58 -94
-59 -95
-60 -96
-61 -97
-62 -98
-63 -99
-55 -181
-56 -182
-57 -183
-58 -184
-59 -185
-60 -186
-61 -187
-62 -188
-63 -189
-55 -181
-56 -182
-57 -183
-58 -184
-59 -185
-60 -186
-61 -187
-62 -188
-63 -189
-64 -91
-65 -92
-66 -93
-67 -94
-68 -95
-69 -96
-70 -97
-71 -98
-72 -99
-64 -181
-65 -182
-66 -183
-67 -184
-68 -185
-69 -186
-70 -187
-71 -188
-72 -189
-136 -181
-137 -182
-138 -183
-139 -184
-140 -185
-141 -186
-142 -187
-143 -188
-144 -189
-136 -181
-137 -182
-138 -183
-139 -184
-140 -185
-141 -186
-142 -187
-143 -188
-144 -189
-145 -181
-146 -182
-147 -183
-148 -184
-149 -185
-150 -186
-151 -187
-152 -188
-153 -189
-244 -361
-245 -362
-246 -363
-247 -364
-248 -365
-249 -366
-250 -367
-251 -368
-252 -369
-244 -361
-245 -362
-246 -363
-247 -364
-248 -365
-249 -366
-250 -367
-251 -368
-252 -369
-244 -451
-245 -452
-246 -453
-247 -454
-248 -455
-249 -456
-250 -457
-251 -458
-252 -459
-244 -451
-245 -452
-246 -453
-247 -454
-248 -455
-249 -456
-250 -457
-251 -458
-252 -459
-253 -361
-254 -362
-255 -363
-256 -364
-257 -365
-258 -366
-259 -367
-260 -368
-261 -369
-253 -451
-254 -452
-255 -453
-256 -454
-257 -455
-258 -456
-259 -457
-260 -458
-261 -459
-325 -451
-326 -452
-327 -453
-328 -454
-329 -455
-330 -456
-331 -457
-332 -458
-333 -459
-325 -451
-326 -452
-327 -453
-328 -454
-329 -455
-330 -456
-331 -457
-332 -458
-333 -459
-334 -451
-335 -452
-336 -453
-337 -454
-338 -455
-339 -456
-340 -457
-341 -458
-342 -459
-271 -361
-272 -362
-273 -363
-274 -364
-275 -365
-276 -366
-277 -367
-278 -368
-279 -369
-271 -361
-272 -362
-273 -363
-274 -364
-275 -365
-276 -366
-277 -367
-278 -368
-279 -369
-271 -451
-272 -452
-273 -453
-274 -454
-275 -455
-276 -456
-277 -457
-278 -458
-279 -459
-271 -451
-272 -452
-273 -453
-274 -454
-275 -455
-276 -456
-277 -457
-278 -458
-279 -459
-280 -361
-281 -362
-282 -363
-283 -364
-284 -365
-285 -366
-286 -367
-287 -368
-288 -369
-280 -451
-281 -452
-282 -453
-283 -454
-284 -455
-285 -456
-286 -457
-287 -458
-288 -459
-352 -451
-353 -452
-354 -453
-355 -454
-356 -455
-357 -456
-358 -457
-359 -458
-360 -459
-352 -451
-353 -452
-354 -453
-355 -454
-356 -455
-357 -456
-358 -457
-359 -458
-360 -459
-361 -451
-362 -452
-363 -453
-364 -454
-365 -455
-366 -456
-367 -457
-368 -458
-369 -459
-298 -361
-299 -362
-300 -363
-301 -364
-302 -365
-303 -366
-304 -367
-305 -368
-306 -369
-298 -361
-299 -362
-300 -363
-301 -364
-302 -365
-303 -366
-304 -367
-305 -368
-306 -369
-298 -451
-299 -452
-300 -453
-301 -454
-302 -455
-303 -456
-304 -457
-305 -458
-306 -459
-298 -451
-299 -452
-300 -453
-301 -454
-302 -455
-303 -456
-304 -457
-305 -458
-306 -459
-307 -361
-308 -362
-309 -363
-310 -364
-311 -365
-312 -366
-313 -367
-314 -368
-315 -369
-307 -451
-308 -452
-309 -453
-310 -454
-311 -455
-312 -456
-313 -457
-314 -458
-315 -459
-379 -451
-380 -452
-381 -453
-382 -454
-383 -455
-384 -456
-385 -457
-386 -458
-387 -459
-379 -451
-380 -452
-381 -453
-382 -454
-383 -455
-384 -456
-385 -457
-386 -458
-387 -459
-388 -451
-389 -452
-390 -453
-391 -454
-392 -455
-393 -456
-394 -457
-395 -458
-396 -459
-487 -631
-488 -632
-489 -633
-490 -634
-491 -635
-492 -636
-493 -637
-494 -638
-495 -639
-487 -631
-488 -632
-489 -633
-490 -634
-491 -635
-492 -636
-493 -637
-494 -638
-495 -639
-487 -721
-488 -722
-489 -723
-490 -724
-491 -725
-492 -726
-493 -727
-494 -728
-495 -729
-487 -721
-488 -722
-489 -723
-490 -724
-491 -725
-492 -726
-493 -727
-494 -728
-495 -729
-496 -631
-497 -632
-498 -633
-499 -634
-500 -635
-501 -636
-502 -637
-503 -638
-504 -639
-496 -721
-497 -722
-498 -723
-499 -724
-500 -725
-501 -726
-502 -727
-503 -728
-504 -729
-568 -721
-569 -722
-570 -723
-571 -724
-572 -725
-573 -726
-574 -727
-575 -728
-576 -729
-568 -721
-569 -722
-570 -723
-571 -724
-572 -725
-573 -726
-574 -727
-575 -728
-576 -729
-577 -721
-578 -722
-579 -723
-580 -724
-581 -725
-582 -726
-583 -727
-584 -728
-585 -729
-514 -631
-515 -632
-516 -633
-517 -634
-518 -635
-519 -636
-520 -637
-521 -638
-522 -639
-514 -631
-515 -632
-516 -633
-517 -634
-518 -635
-519 -636
-520 -637
-521 -638
-522 -639
-514 -721
-515 -722
-516 -723
-517 -724
-518 -725
-519 -726
-520 -727
-521 -728
-522 -729
-514 -721
-515 -722
-516 -723
-517 -724
-518 -725
-519 -726
-520 -727
-521 -728
-522 -729
-523 -631
-524 -632
-525 -633
-526 -634
-527 -635
-528 -636
-529 -637
-530 -638
-531 -639
-523 -721
-524 -722
-525 -723
-526 -724
-527 -725
-528 -726
-529 -727
-530 -728
-531 -729
-595 -721
-596 -722
-597 -723
-598 -724
-599 -725
-600 -726
-601 -727
-602 -728
-603 -729
-595 -721
-596 -722
-597 -723
-598 -724
-599 -725
-600 -726
-601 -727
-602 -728
-603 -729
-604 -721
-605 -722
-606 -723
-607 -724
-608 -725
-609 -726
-610 -727
-611 -728
-612 -729
-541 -631
-542 -632
-543 -633
-544 -634
-545 -635
-546 -636
-547 -637
-548 -638
-549 -639
-541 -631
-542 -632
-543 -633
-544 -634
-545 -635
-546 -636
-547 -637
-548 -638
-549 -639
-541 -721
-542 -722
-543 -723
-544 -724
-545 -725
-546 -726
-547 -727
-548 -728
-549 -729
-541 -721
-542 -722
-543 -723
-544 -724
-545 -725
-546 -726
-547 -727
-548 -728
-549 -729
-550 -631
-551 -632
-552 -633
-553 -634
-554 -635
-555 -636
-556 -637
-557 -638
-558 -639
-550 -721
-551 -722
-552 -723
-553 -724
-554 -725
-555 -726
-556 -727
-557 -728
-558 -729
-622 -721
-623 -722
-624 -723
-625 -724
-626 -725
-627 -726
-628 -727
-629 -728
-630 -729
-622 -721
-623 -722
-624 -723
-625 -724
-626 -725
-627 -726
-628 -727
-629 -728
-630 -729
-631 -721
-632 -722
-633 -723
-634 -724
-635 -725
-636 -726
-637 -727
-638 -728
-639 -729
